0.200000 2.500000 0 
0.200000 2.600000 0 
0.200000 2.700000 0 
0.200000 2.800000 2.63545e-76 
0.200000 2.900000 8.82224e-75 
0.200000 3.000000 1.31073e-73 
0.200000 3.100000 1.74102e-72 
0.200000 3.200000 2.06637e-71 
0.200000 3.300000 2.20778e-70 
0.200000 3.400000 2.13834e-69 
0.200000 3.500000 1.88927e-68 
0.200000 3.600000 1.53146e-67 
0.200000 3.700000 1.14501e-66 
0.200000 3.800000 7.93427e-66 
0.200000 3.900000 5.11831e-65 
0.200000 4.000000 3.08615e-64 
0.200000 4.100000 1.74574e-63 
0.200000 4.200000 9.29518e-63 
0.200000 4.300000 4.67265e-62 
0.200000 4.400000 2.22369e-61 
0.200000 4.500000 1.00431e-60 
0.200000 4.600000 4.31445e-60 
0.200000 4.700000 1.76662e-59 
0.200000 4.800000 6.90816e-59 
0.200000 4.900000 2.58433e-58 
0.200000 5.000000 9.26478e-58 
0.200000 5.100000 3.18797e-57 
0.200000 5.200000 1.05449e-56 
0.200000 5.300000 3.35776e-56 
0.200000 5.400000 1.03069e-55 
0.200000 5.500000 3.05397e-55 
0.200000 5.600000 8.74595e-55 
0.200000 5.700000 2.42376e-54 
0.200000 5.800000 6.5077e-54 
0.200000 5.900000 1.69475e-53 
0.200000 6.000000 4.28551e-53 
0.200000 6.100000 1.05334e-52 
0.200000 6.200000 2.51905e-52 
0.200000 6.300000 5.86714e-52 
0.200000 6.400000 1.33207e-51 
0.200000 6.500000 2.9507e-51 
0.200000 6.600000 6.3823e-51 
0.200000 6.700000 1.34907e-50 
0.200000 6.800000 2.78883e-50 
0.200000 6.900000 5.64229e-50 
0.200000 7.000000 1.11798e-49 
0.200000 7.100000 2.1709e-49 
0.200000 7.200000 4.1338e-49 
0.200000 7.300000 7.72359e-49 
0.200000 7.400000 1.41674e-48 
0.200000 7.500000 2.5527e-48 
0.200000 7.600000 4.52031e-48 
0.200000 7.700000 7.87057e-48 
0.200000 7.800000 1.34808e-47 
0.200000 7.900000 2.27242e-47 
0.200000 8.000000 3.77139e-47 

0.500000 2.500000 1.62562e-75 
0.500000 2.600000 6.40827e-74 
0.500000 2.700000 2.11509e-72 
0.500000 2.800000 5.92149e-71 
0.500000 2.900000 1.42229e-69 
0.500000 3.000000 2.96224e-68 
0.500000 3.100000 5.40261e-67 
0.500000 3.200000 8.70634e-66 
0.500000 3.300000 1.2497e-64 
0.500000 3.400000 1.60916e-63 
0.500000 3.500000 1.87034e-62 
0.500000 3.600000 1.97302e-61 
0.500000 3.700000 1.89809e-60 
0.500000 3.800000 1.67234e-59 
0.500000 3.900000 1.35473e-58 
0.500000 4.000000 1.01265e-57 
0.500000 4.100000 7.00843e-57 
0.500000 4.200000 4.50543e-56 
0.500000 4.300000 2.69869e-55 
0.500000 4.400000 1.51061e-54 
0.500000 4.500000 7.92458e-54 
0.500000 4.600000 3.90673e-53 
0.500000 4.700000 1.81467e-52 
0.500000 4.800000 7.96189e-52 
0.500000 4.900000 3.30742e-51 
0.500000 5.000000 1.30376e-50 
0.500000 5.100000 4.88717e-50 
0.500000 5.200000 1.74558e-49 
0.500000 5.300000 5.95198e-49 
0.500000 5.400000 1.94081e-48 
0.500000 5.500000 6.06212e-48 
0.500000 5.600000 1.81659e-47 
0.500000 5.700000 5.23008e-47 
0.500000 5.800000 1.44866e-46 
0.500000 5.900000 3.86519e-46 
0.500000 6.000000 9.9457e-46 
0.500000 6.100000 2.47077e-45 
0.500000 6.200000 5.932e-45 
0.500000 6.300000 1.3777e-44 
0.500000 6.400000 3.09792e-44 
0.500000 6.500000 6.74996e-44 
0.500000 6.600000 1.4262e-43 
0.500000 6.700000 2.92421e-43 
0.500000 6.800000 5.82207e-43 
0.500000 6.900000 1.12628e-42 
0.500000 7.000000 2.11823e-42 
0.500000 7.100000 3.87511e-42 
0.500000 7.200000 6.89925e-42 
0.500000 7.300000 1.19602e-41 
0.500000 7.400000 2.01972e-41 
0.500000 7.500000 3.32395e-41 
0.500000 7.600000 5.33353e-41 
0.500000 7.700000 8.34758e-41 
0.500000 7.800000 1.2749e-40 
0.500000 7.900000 1.90085e-40 
0.500000 8.000000 2.76799e-40 

0.800000 2.500000 9.35918e-73 
0.800000 2.600000 4.62572e-71 
0.800000 2.700000 1.89348e-69 
0.800000 2.800000 6.50922e-68 
0.800000 2.900000 1.90338e-66 
0.800000 3.000000 4.78818e-65 
0.800000 3.100000 1.04653e-63 
0.800000 3.200000 2.00423e-62 
0.800000 3.300000 3.38766e-61 
0.800000 3.400000 5.08565e-60 
0.800000 3.500000 6.81886e-59 
0.800000 3.600000 8.20763e-58 
0.800000 3.700000 8.91138e-57 
0.800000 3.800000 8.76722e-56 
0.800000 3.900000 7.8499e-55 
0.800000 4.000000 6.42332e-54 
0.800000 4.100000 4.82267e-53 
0.800000 4.200000 3.33508e-52 
0.800000 4.300000 2.13204e-51 
0.800000 4.400000 1.26425e-50 
0.800000 4.500000 6.97631e-50 
0.800000 4.600000 3.5932e-49 
0.800000 4.700000 1.7323e-48 
0.800000 4.800000 7.83783e-48 
0.800000 4.900000 3.33615e-47 
0.800000 5.000000 1.33893e-46 
0.800000 5.100000 5.07731e-46 
0.800000 5.200000 1.82266e-45 
0.800000 5.300000 6.20501e-45 
0.800000 5.400000 2.00653e-44 
0.800000 5.500000 6.17248e-44 
0.800000 5.600000 1.80875e-43 
0.800000 5.700000 5.05526e-43 
0.800000 5.800000 1.34913e-42 
0.800000 5.900000 3.44155e-42 
0.800000 6.000000 8.39981e-42 
0.800000 6.100000 1.96328e-41 
0.800000 6.200000 4.39789e-41 
0.800000 6.300000 9.44906e-41 
0.800000 6.400000 1.94859e-40 
0.800000 6.500000 3.85959e-40 
0.800000 6.600000 7.34744e-40 
0.800000 6.700000 1.34521e-39 
0.800000 6.800000 2.37022e-39 
0.800000 6.900000 4.02186e-39 
0.800000 7.000000 6.57681e-39 
0.800000 7.100000 1.03725e-38 
0.800000 7.200000 1.57905e-38 
0.800000 7.300000 2.32243e-38 
0.800000 7.400000 3.30331e-38 
0.800000 7.500000 4.54869e-38 
0.800000 7.600000 6.07097e-38 
0.800000 7.700000 7.86321e-38 
0.800000 7.800000 9.89659e-38 
0.800000 7.900000 1.21198e-37 
0.800000 8.000000 1.44615e-37 

1.100000 2.500000 1.05323e-70 
1.100000 2.600000 6.12649e-69 
1.100000 2.700000 2.93084e-67 
1.100000 2.800000 1.16996e-65 
1.100000 2.900000 3.94649e-64 
1.100000 3.000000 1.1369e-62 
1.100000 3.100000 2.8222e-61 
1.100000 3.200000 6.08336e-60 
1.100000 3.300000 1.14634e-58 
1.100000 3.400000 1.90014e-57 
1.100000 3.500000 2.78654e-56 
1.100000 3.600000 3.63542e-55 
1.100000 3.700000 4.24186e-54 
1.100000 3.800000 4.44897e-53 
1.100000 3.900000 4.21475e-52 
1.100000 4.000000 3.62305e-51 
1.100000 4.100000 2.83819e-50 
1.100000 4.200000 2.03435e-49 
1.100000 4.300000 1.33925e-48 
1.100000 4.400000 8.12555e-48 
1.100000 4.500000 4.55823e-47 
1.100000 4.600000 2.37123e-46 
1.100000 4.700000 1.147e-45 
1.100000 4.800000 5.17176e-45 
1.100000 4.900000 2.17856e-44 
1.100000 5.000000 8.59117e-44 
1.100000 5.100000 3.17754e-43 
1.100000 5.200000 1.10412e-42 
1.100000 5.300000 3.60982e-42 
1.100000 5.400000 1.11198e-41 
1.100000 5.500000 3.23139e-41 
1.100000 5.600000 8.86863e-41 
1.100000 5.700000 2.30116e-40 
1.100000 5.800000 5.65043e-40 
1.100000 5.900000 1.31416e-39 
1.100000 6.000000 2.89754e-39 
1.100000 6.100000 6.06183e-39 
1.100000 6.200000 1.20435e-38 
1.100000 6.300000 2.27449e-38 
1.100000 6.400000 4.0872e-38 
1.100000 6.500000 6.99622e-38 
1.100000 6.600000 1.14218e-37 
1.100000 6.700000 1.78091e-37 
1.100000 6.800000 2.65619e-37 
1.100000 6.900000 3.79601e-37 
1.100000 7.000000 5.2078e-37 
1.100000 7.100000 6.87219e-37 
1.100000 7.200000 8.74032e-37 
1.100000 7.300000 1.07356e-36 
1.100000 7.400000 1.2759e-36 
1.100000 7.500000 1.46983e-36 
1.100000 7.600000 1.64377e-36 
1.100000 7.700000 1.78691e-36 
1.100000 7.800000 1.8902e-36 
1.100000 7.900000 1.94722e-36 
1.100000 8.000000 1.95478e-36 

1.400000 2.500000 4.81269e-69 
1.400000 2.600000 3.19095e-67 
1.400000 2.700000 1.73018e-65 
1.400000 2.800000 7.77975e-64 
1.400000 2.900000 2.93499e-62 
1.400000 3.000000 9.38032e-61 
1.400000 3.100000 2.56103e-59 
1.400000 3.200000 6.01752e-58 
1.400000 3.300000 1.22519e-56 
1.400000 3.400000 2.17574e-55 
1.400000 3.500000 3.39107e-54 
1.400000 3.600000 4.6664e-53 
1.400000 3.700000 5.70187e-52 
1.400000 3.800000 6.21982e-51 
1.400000 3.900000 6.08779e-50 
1.400000 4.000000 5.37157e-49 
1.400000 4.100000 4.29135e-48 
1.400000 4.200000 3.11659e-47 
1.400000 4.300000 2.06515e-46 
1.400000 4.400000 1.25272e-45 
1.400000 4.500000 6.97766e-45 
1.400000 4.600000 3.57856e-44 
1.400000 4.700000 1.69403e-43 
1.400000 4.800000 7.41851e-43 
1.400000 4.900000 3.01126e-42 
1.400000 5.000000 1.13499e-41 
1.400000 5.100000 3.97868e-41 
1.400000 5.200000 1.299e-40 
1.400000 5.300000 3.95516e-40 
1.400000 5.400000 1.12438e-39 
1.400000 5.500000 2.98773e-39 
1.400000 5.600000 7.42863e-39 
1.400000 5.700000 1.73014e-38 
1.400000 5.800000 3.77869e-38 
1.400000 5.900000 7.74825e-38 
1.400000 6.000000 1.49364e-37 
1.400000 6.100000 2.711e-37 
1.400000 6.200000 4.64092e-37 
1.400000 6.300000 7.50822e-37 
1.400000 6.400000 1.15053e-36 
1.400000 6.500000 1.67405e-36 
1.400000 6.600000 2.31899e-36 
1.400000 6.700000 3.06676e-36 
1.400000 6.800000 3.88227e-36 
1.400000 6.900000 4.71646e-36 
1.400000 7.000000 5.51124e-36 
1.400000 7.100000 6.20587e-36 
1.400000 7.200000 6.74432e-36 
1.400000 7.300000 7.0819e-36 
1.400000 7.400000 7.1916e-36 
1.400000 7.500000 7.06703e-36 
1.400000 7.600000 6.72385e-36 
1.400000 7.700000 6.19655e-36 
1.400000 7.800000 5.53347e-36 
1.400000 7.900000 4.78989e-36 
1.400000 8.000000 4.02042e-36 

1.700000 2.500000 1.23404e-67 
1.700000 2.600000 9.13885e-66 
1.700000 2.700000 5.50217e-64 
1.700000 2.800000 2.72833e-62 
1.700000 2.900000 1.12628e-60 
1.700000 3.000000 3.90608e-59 
1.700000 3.100000 1.14745e-57 
1.700000 3.200000 2.87695e-56 
1.700000 3.300000 6.2011e-55 
1.700000 3.400000 1.15706e-53 
1.700000 3.500000 1.88133e-52 
1.700000 3.600000 2.68241e-51 
1.700000 3.700000 3.37365e-50 
1.700000 3.800000 3.76331e-49 
1.700000 3.900000 3.74236e-48 
1.700000 4.000000 3.333e-47 
1.700000 4.100000 2.66986e-46 
1.700000 4.200000 1.93095e-45 
1.700000 4.300000 1.26528e-44 
1.700000 4.400000 7.53489e-44 
1.700000 4.500000 4.08929e-43 
1.700000 4.600000 2.02754e-42 
1.700000 4.700000 9.20418e-42 
1.700000 4.800000 3.833e-41 
1.700000 4.900000 1.46679e-40 
1.700000 5.000000 5.16585e-40 
1.700000 5.100000 1.67673e-39 
1.700000 5.200000 5.02213e-39 
1.700000 5.300000 1.38983e-38 
1.700000 5.400000 3.55818e-38 
1.700000 5.500000 8.43839e-38 
1.700000 5.600000 1.85652e-37 
1.700000 5.700000 3.79557e-37 
1.700000 5.800000 7.22518e-37 
1.700000 5.900000 1.28356e-36 
1.700000 6.000000 2.13377e-36 
1.700000 6.100000 3.32933e-36 
1.700000 6.200000 4.89202e-36 
1.700000 6.300000 6.79286e-36 
1.700000 6.400000 8.94448e-36 
1.700000 6.500000 1.12048e-35 
1.700000 6.600000 1.33915e-35 
1.700000 6.700000 1.53056e-35 
1.700000 6.800000 1.67591e-35 
1.700000 6.900000 1.76035e-35 
1.700000 7.000000 1.77549e-35 
1.700000 7.100000 1.72071e-35 
1.700000 7.200000 1.60329e-35 
1.700000 7.300000 1.43693e-35 
1.700000 7.400000 1.23926e-35 
1.700000 7.500000 1.02891e-35 
1.700000 7.600000 8.22718e-36 
1.700000 7.700000 6.3382e-36 
1.700000 7.800000 4.70639e-36 
1.700000 7.900000 3.36978e-36 
1.700000 8.000000 2.32738e-36 

2.000000 2.500000 2.10959e-66 
2.000000 2.600000 1.71874e-64 
2.000000 2.700000 1.13102e-62 
2.000000 2.800000 6.08437e-61 
2.000000 2.900000 2.70309e-59 
2.000000 3.000000 1.0007e-57 
2.000000 3.100000 3.11304e-56 
2.000000 3.200000 8.20267e-55 
2.000000 3.300000 1.84465e-53 
2.000000 3.400000 3.56634e-52 
2.000000 3.500000 5.96838e-51 
2.000000 3.600000 8.7018e-50 
2.000000 3.700000 1.1119e-48 
2.000000 3.800000 1.25194e-47 
2.000000 3.900000 1.24833e-46 
2.000000 4.000000 1.10724e-45 
2.000000 4.100000 8.77137e-45 
2.000000 4.200000 6.2283e-44 
2.000000 4.300000 3.97677e-43 
2.000000 4.400000 2.28961e-42 
2.000000 4.500000 1.19161e-41 
2.000000 4.600000 5.61804e-41 
2.000000 4.700000 2.40402e-40 
2.000000 4.800000 9.35257e-40 
2.000000 4.900000 3.31296e-39 
2.000000 5.000000 1.07008e-38 
2.000000 5.100000 3.15604e-38 
2.000000 5.200000 8.512e-38 
2.000000 5.300000 2.10272e-37 
2.000000 5.400000 4.76651e-37 
2.000000 5.500000 9.93687e-37 
2.000000 5.600000 1.9102e-36 
2.000000 5.700000 3.39668e-36 
2.000000 5.800000 5.60736e-36 
2.000000 5.900000 8.62848e-36 
2.000000 6.000000 1.24291e-35 
2.000000 6.100000 1.68309e-35 
2.000000 6.200000 2.15103e-35 
2.000000 6.300000 2.60326e-35 
2.000000 6.400000 2.99143e-35 
2.000000 6.500000 3.27035e-35 
2.000000 6.600000 3.40619e-35 
2.000000 6.700000 3.3832e-35 
2.000000 6.800000 3.20689e-35 
2.000000 6.900000 2.9026e-35 
2.000000 7.000000 2.50992e-35 
2.000000 7.100000 2.07449e-35 
2.000000 7.200000 1.63961e-35 
2.000000 7.300000 1.23983e-35 
2.000000 7.400000 8.97376e-36 
2.000000 7.500000 6.21997e-36 
2.000000 7.600000 4.1305e-36 
2.000000 7.700000 2.62923e-36 
2.000000 7.800000 1.60497e-36 
2.000000 7.900000 9.4002e-37 
2.000000 8.000000 5.28533e-37 

2.300000 2.500000 2.66428e-65 
2.300000 2.600000 2.35886e-63 
2.300000 2.700000 1.67496e-61 
2.300000 2.800000 9.64803e-60 
2.300000 2.900000 4.5534e-58 
2.300000 3.000000 1.77688e-56 
2.300000 3.100000 5.78335e-55 
2.300000 3.200000 1.5831e-53 
2.300000 3.300000 3.67349e-52 
2.300000 3.400000 7.28017e-51 
2.300000 3.500000 1.24085e-49 
2.300000 3.600000 1.83066e-48 
2.300000 3.700000 2.35156e-47 
2.300000 3.800000 2.64402e-46 
2.300000 3.900000 2.61459e-45 
2.300000 4.000000 2.28352e-44 
2.300000 4.100000 1.76806e-43 
2.300000 4.200000 1.2176e-42 
2.300000 4.300000 7.47947e-42 
2.300000 4.400000 4.10833e-41 
2.300000 4.500000 2.02223e-40 
2.300000 4.600000 8.93698e-40 
2.300000 4.700000 3.55206e-39 
2.300000 4.800000 1.2717e-38 
2.300000 4.900000 4.10744e-38 
2.300000 5.000000 1.19882e-37 
2.300000 5.100000 3.16763e-37 
2.300000 5.200000 7.59372e-37 
2.300000 5.300000 1.65603e-36 
2.300000 5.400000 3.29591e-36 
2.300000 5.500000 6.00987e-36 
2.300000 5.600000 1.00851e-35 
2.300000 5.700000 1.56521e-35 
2.300000 5.800000 2.25816e-35 
2.300000 5.900000 3.04331e-35 
2.300000 6.000000 3.84789e-35 
2.300000 6.100000 4.58032e-35 
2.300000 6.200000 5.14623e-35 
2.300000 6.300000 5.4674e-35 
2.300000 6.400000 5.49907e-35 
2.300000 6.500000 5.24081e-35 
2.300000 6.600000 4.73576e-35 
2.300000 6.700000 4.05993e-35 
2.300000 6.800000 3.30385e-35 
2.300000 6.900000 2.55348e-35 
2.300000 7.000000 1.87539e-35 
2.300000 7.100000 1.30957e-35 
2.300000 7.200000 8.69939e-36 
2.300000 7.300000 5.50055e-36 
2.300000 7.400000 3.31225e-36 
2.300000 7.500000 1.90061e-36 
2.300000 7.600000 1.03984e-36 
2.300000 7.700000 5.42779e-37 
2.300000 7.800000 2.70495e-37 
2.300000 7.900000 1.28792e-37 
2.300000 8.000000 5.863e-38 

2.600000 2.500000 2.65599e-64 
2.600000 2.600000 2.52899e-62 
2.600000 2.700000 1.91713e-60 
2.600000 2.800000 1.16991e-58 
2.600000 2.900000 5.80492e-57 
2.600000 3.000000 2.36417e-55 
2.600000 3.100000 7.97472e-54 
2.600000 3.200000 2.24718e-52 
2.600000 3.300000 5.33293e-51 
2.600000 3.400000 1.07397e-49 
2.600000 3.500000 1.84813e-48 
2.600000 3.600000 2.73489e-47 
2.600000 3.700000 3.50015e-46 
2.600000 3.800000 3.8938e-45 
2.600000 3.900000 3.78228e-44 
2.600000 4.000000 3.22051e-43 
2.600000 4.100000 2.41197e-42 
2.600000 4.200000 1.59357e-41 
2.600000 4.300000 9.31164e-41 
2.600000 4.400000 4.82253e-40 
2.600000 4.500000 2.21799e-39 
2.600000 4.600000 9.07465e-39 
2.600000 4.700000 3.30839e-38 
2.600000 4.800000 1.07666e-37 
2.600000 4.900000 3.13377e-37 
2.600000 5.000000 8.17707e-37 
2.600000 5.100000 1.91838e-36 
2.600000 5.200000 4.0611e-36 
2.600000 5.300000 7.79203e-36 
2.600000 5.400000 1.36208e-35 
2.600000 5.500000 2.18171e-35 
2.600000 5.600000 3.2212e-35 
2.600000 5.700000 4.40873e-35 
2.600000 5.800000 5.6208e-35 
2.600000 5.900000 6.70086e-35 
2.600000 6.000000 7.49012e-35 
2.600000 6.100000 7.86436e-35 
2.600000 6.200000 7.76559e-35 
2.600000 6.300000 7.2177e-35 
2.600000 6.400000 6.31879e-35 
2.600000 6.500000 5.21383e-35 
2.600000 6.600000 4.05723e-35 
2.600000 6.700000 2.97929e-35 
2.600000 6.800000 2.06578e-35 
2.600000 6.900000 1.35337e-35 
2.600000 7.000000 8.38266e-36 
2.600000 7.100000 4.91203e-36 
2.600000 7.200000 2.72485e-36 
2.600000 7.300000 1.43193e-36 
2.600000 7.400000 7.13365e-37 
2.600000 7.500000 3.37185e-37 
2.600000 7.600000 1.5134e-37 
2.600000 7.700000 6.45564e-38 
2.600000 7.800000 2.61842e-38 
2.600000 7.900000 1.00958e-38 
2.600000 8.000000 3.6948e-39 

2.900000 2.500000 2.18684e-63 
2.900000 2.600000 2.21963e-61 
2.900000 2.700000 1.78032e-59 
2.900000 2.800000 1.14091e-57 
2.900000 2.900000 5.90183e-56 
2.900000 3.000000 2.48845e-54 
2.900000 3.100000 8.63211e-53 
2.900000 3.200000 2.48526e-51 
2.900000 3.300000 5.98754e-50 
2.900000 3.400000 1.21627e-48 
2.900000 3.500000 2.09745e-47 
2.900000 3.600000 3.08955e-46 
2.900000 3.700000 3.90855e-45 
2.900000 3.800000 4.26702e-44 
2.900000 3.900000 4.03676e-43 
2.900000 4.000000 3.32117e-42 
2.900000 4.100000 2.38357e-41 
2.900000 4.200000 1.49615e-40 
2.900000 4.300000 8.23205e-40 
2.900000 4.400000 3.97808e-39 
2.900000 4.500000 1.69146e-38 
2.900000 4.600000 6.33954e-38 
2.900000 4.700000 2.09856e-37 
2.900000 4.800000 6.14999e-37 
2.900000 4.900000 1.60022e-36 
2.900000 5.000000 3.71074e-36 
2.900000 5.100000 7.70445e-36 
2.900000 5.200000 1.44037e-35 
2.900000 5.300000 2.44033e-35 
2.900000 5.400000 3.77242e-35 
2.900000 5.500000 5.3561e-35 
2.900000 5.600000 7.02463e-35 
2.900000 5.700000 8.54864e-35 
2.900000 5.800000 9.68382e-35 
2.900000 5.900000 1.02322e-34 
2.900000 6.000000 1.00982e-34 
2.900000 6.100000 9.31715e-35 
2.900000 6.200000 8.04291e-35 
2.900000 6.300000 6.50034e-35 
2.900000 6.400000 4.92211e-35 
2.900000 6.500000 3.49421e-35 
2.900000 6.600000 2.32725e-35 
2.900000 6.700000 1.45527e-35 
2.900000 6.800000 8.54997e-36 
2.900000 6.900000 4.72324e-36 
2.900000 7.000000 2.45524e-36 
2.900000 7.100000 1.20194e-36 
2.900000 7.200000 5.54601e-37 
2.900000 7.300000 2.4144e-37 
2.900000 7.400000 9.92721e-38 
2.900000 7.500000 3.85836e-38 
2.900000 7.600000 1.41783e-38 
2.900000 7.700000 4.92037e-39 
2.900000 7.800000 1.60783e-39 
2.900000 7.900000 4.92464e-40 
2.900000 8.000000 1.40653e-40 

3.200000 2.500000 1.53635e-62 
3.200000 2.600000 1.64958e-60 
3.200000 2.700000 1.38938e-58 
3.200000 2.800000 9.28222e-57 
3.200000 2.900000 4.97098e-55 
3.200000 3.000000 2.15543e-53 
3.200000 3.100000 7.63928e-52 
3.200000 3.200000 2.23287e-50 
3.200000 3.300000 5.42655e-49 
3.200000 3.400000 1.10475e-47 
3.200000 3.500000 1.89659e-46 
3.200000 3.600000 2.76194e-45 
3.200000 3.700000 3.42945e-44 
3.200000 3.800000 3.64694e-43 
3.200000 3.900000 3.33414e-42 
3.200000 4.000000 2.62895e-41 
3.200000 4.100000 1.79267e-40 
3.200000 4.200000 1.05961e-39 
3.200000 4.300000 5.4401e-39 
3.200000 4.400000 2.4305e-38 
3.200000 4.500000 9.46808e-38 
3.200000 4.600000 3.22308e-37 
3.200000 4.700000 9.61424e-37 
3.200000 4.800000 2.52188e-36 
3.200000 4.900000 5.84354e-36 
3.200000 5.000000 1.20297e-35 
3.200000 5.100000 2.21529e-35 
3.200000 5.200000 3.67685e-35 
3.200000 5.300000 5.54263e-35 
3.200000 5.400000 7.64124e-35 
3.200000 5.500000 9.68864e-35 
3.200000 5.600000 1.1344e-34 
3.200000 5.700000 1.22975e-34 
3.200000 5.800000 1.23632e-34 
3.200000 5.900000 1.15396e-34 
3.200000 6.000000 1.00086e-34 
3.200000 6.100000 8.07242e-35 
3.200000 6.200000 6.05923e-35 
3.200000 6.300000 4.23584e-35 
3.200000 6.400000 2.76011e-35 
3.200000 6.500000 1.67771e-35 
3.200000 6.600000 9.52092e-36 
3.200000 6.700000 5.04871e-36 
3.200000 6.800000 2.50388e-36 
3.200000 6.900000 1.16244e-36 
3.200000 7.000000 5.0571e-37 
3.200000 7.100000 2.06391e-37 
3.200000 7.200000 7.91164e-38 
3.200000 7.300000 2.85123e-38 
3.200000 7.400000 9.66029e-39 
3.200000 7.500000 3.07127e-39 
3.200000 7.600000 9.12439e-40 
3.200000 7.700000 2.51809e-40 
3.200000 7.800000 6.41594e-41 
3.200000 7.900000 1.50222e-41 
3.200000 8.000000 3.22625e-42 

3.500000 2.500000 9.43619e-62 
3.500000 2.600000 1.06471e-59 
3.500000 2.700000 9.35636e-58 
3.500000 2.800000 6.47648e-56 
3.500000 2.900000 3.56958e-54 
3.500000 3.000000 1.5826e-52 
3.500000 3.100000 5.69887e-51 
3.500000 3.200000 1.68167e-49 
3.500000 3.300000 4.09952e-48 
3.500000 3.400000 8.31624e-47 
3.500000 3.500000 1.41285e-45 
3.500000 3.600000 2.02151e-44 
3.500000 3.700000 2.44764e-43 
3.500000 3.800000 2.51813e-42 
3.500000 3.900000 2.20882e-41 
3.500000 4.000000 1.65665e-40 
3.500000 4.100000 1.06498e-39 
3.500000 4.200000 5.88042e-39 
3.500000 4.300000 2.79443e-38 
3.500000 4.400000 1.14522e-37 
3.500000 4.500000 4.0575e-37 
3.500000 4.600000 1.24666e-36 
3.500000 4.700000 3.33528e-36 
3.500000 4.800000 7.81149e-36 
3.500000 4.900000 1.61238e-35 
3.500000 5.000000 2.95651e-35 
3.500000 5.100000 4.8573e-35 
3.500000 5.200000 7.21002e-35 
3.500000 5.300000 9.73962e-35 
3.500000 5.400000 1.20386e-34 
3.500000 5.500000 1.3666e-34 
3.500000 5.600000 1.42797e-34 
3.500000 5.700000 1.37543e-34 
3.500000 5.800000 1.22246e-34 
3.500000 5.900000 1.00343e-34 
3.500000 6.000000 7.61301e-35 
3.500000 6.100000 5.34336e-35 
3.500000 6.200000 3.47241e-35 
3.500000 6.300000 2.09118e-35 
3.500000 6.400000 1.16818e-35 
3.500000 6.500000 6.0591e-36 
3.500000 6.600000 2.92088e-36 
3.500000 6.700000 1.31002e-36 
3.500000 6.800000 5.47273e-37 
3.500000 6.900000 2.13225e-37 
3.500000 7.000000 7.75852e-38 
3.500000 7.100000 2.63964e-38 
3.500000 7.200000 8.39774e-39 
3.500000 7.300000 2.49276e-39 
3.500000 7.400000 6.86973e-40 
3.500000 7.500000 1.74531e-40 
3.500000 7.600000 4.05845e-41 
3.500000 7.700000 8.59373e-42 
3.500000 7.800000 1.65445e-42 
3.500000 7.900000 2.90246e-43 
3.500000 8.000000 4.66532e-44 

3.800000 2.500000 5.16262e-61 
3.800000 2.600000 6.08642e-59 
3.800000 2.700000 5.5496e-57 
3.800000 2.800000 3.95905e-55 
3.800000 2.900000 2.23426e-53 
3.800000 3.000000 1.00784e-51 
3.800000 3.100000 3.66914e-50 
3.800000 3.200000 1.08766e-48 
3.800000 3.300000 2.64615e-47 
3.800000 3.400000 5.32082e-46 
3.800000 3.500000 8.89679e-45 
3.800000 3.600000 1.24352e-43 
3.800000 3.700000 1.45936e-42 
3.800000 3.800000 1.44331e-41 
3.800000 3.900000 1.20663e-40 
3.800000 4.000000 8.54881e-40 
3.800000 4.100000 5.14418e-39 
3.800000 4.200000 2.63448e-38 
3.800000 4.300000 1.15076e-37 
3.800000 4.400000 4.29843e-37 
3.800000 4.500000 1.37766e-36 
3.800000 4.600000 3.80592e-36 
3.800000 4.700000 9.11763e-36 
3.800000 4.800000 1.90864e-35 
3.800000 4.900000 3.52265e-35 
3.800000 5.000000 5.7871e-35 
3.800000 5.100000 8.53931e-35 
3.800000 5.200000 1.14026e-34 
3.800000 5.300000 1.38535e-34 
3.800000 5.400000 1.53668e-34 
3.800000 5.500000 1.55949e-34 
3.800000 5.600000 1.44989e-34 
3.800000 5.700000 1.23616e-34 
3.800000 5.800000 9.674e-35 
3.800000 5.900000 6.95537e-35 
3.800000 6.000000 4.59861e-35 
3.800000 6.100000 2.79872e-35 
3.800000 6.200000 1.56949e-35 
3.800000 6.300000 8.11867e-36 
3.800000 6.400000 3.87814e-36 
3.800000 6.500000 1.71271e-36 
3.800000 6.600000 7.00151e-37 
3.800000 6.700000 2.65313e-37 
3.800000 6.800000 9.33352e-38 
3.800000 6.900000 3.05298e-38 
3.800000 7.000000 9.29007e-39 
3.800000 7.100000 2.62521e-39 
3.800000 7.200000 6.85358e-40 
3.800000 7.300000 1.63995e-40 
3.800000 7.400000 3.56621e-41 
3.800000 7.500000 7.0046e-42 
3.800000 7.600000 1.23989e-42 
3.800000 7.700000 1.98247e-43 
3.800000 7.800000 2.87981e-44 
3.800000 7.900000 3.8316e-45 
3.800000 8.000000 4.71604e-46 

4.100000 2.500000 2.55345e-60 
4.100000 2.600000 3.12968e-58 
4.100000 2.700000 2.94669e-56 
4.100000 2.800000 2.15652e-54 
4.100000 2.900000 1.24054e-52 
4.100000 3.000000 5.66827e-51 
4.100000 3.100000 2.07709e-49 
4.100000 3.200000 6.15743e-48 
4.100000 3.300000 1.48807e-46 
4.100000 3.400000 2.95156e-45 
4.100000 3.500000 4.83256e-44 
4.100000 3.600000 6.56312e-43 
4.100000 3.700000 7.42339e-42 
4.100000 3.800000 7.0159e-41 
4.100000 3.900000 5.55568e-40 
4.100000 4.000000 3.69456e-39 
4.100000 4.100000 2.06768e-38 
4.100000 4.200000 9.76032e-38 
4.100000 4.300000 3.89647e-37 
4.100000 4.400000 1.32024e-36 
4.100000 4.500000 3.81528e-36 
4.100000 4.600000 9.46572e-36 
4.100000 4.700000 2.03321e-35 
4.100000 4.800000 3.81868e-35 
4.100000 4.900000 6.33713e-35 
4.100000 5.000000 9.38358e-35 
4.100000 5.100000 1.2496e-34 
4.100000 5.200000 1.50486e-34 
4.100000 5.300000 1.64442e-34 
4.100000 5.400000 1.63379e-34 
4.100000 5.500000 1.47779e-34 
4.100000 5.600000 1.2182e-34 
4.100000 5.700000 9.16095e-35 
4.100000 5.800000 6.29097e-35 
4.100000 5.900000 3.94913e-35 
4.100000 6.000000 2.26868e-35 
4.100000 6.100000 1.1941e-35 
4.100000 6.200000 5.76548e-36 
4.100000 6.300000 2.5568e-36 
4.100000 6.400000 1.04284e-36 
4.100000 6.500000 3.91759e-37 
4.100000 6.600000 1.35777e-37 
4.100000 6.700000 4.34926e-38 
4.100000 6.800000 1.28932e-38 
4.100000 6.900000 3.5347e-39 
4.100000 7.000000 8.92331e-40 
4.100000 7.100000 2.0574e-40 
4.100000 7.200000 4.28962e-41 
4.100000 7.300000 8.02273e-42 
4.100000 7.400000 1.34075e-42 
4.100000 7.500000 2.00472e-43 
4.100000 7.600000 2.69665e-44 
4.100000 7.700000 3.28966e-45 
4.100000 7.800000 3.67663e-46 
4.100000 7.900000 3.81276e-47 
4.100000 8.000000 3.71306e-48 

4.400000 2.500000 1.15546e-59 
4.400000 2.600000 1.46584e-57 
4.400000 2.700000 1.41911e-55 
4.400000 2.800000 1.06107e-53 
4.400000 2.900000 6.19701e-52 
4.400000 3.000000 2.85673e-50 
4.400000 3.100000 1.04941e-48 
4.400000 3.200000 3.09813e-47 
4.400000 3.300000 7.40543e-46 
4.400000 3.400000 1.44236e-44 
4.400000 3.500000 2.30141e-43 
4.400000 3.600000 3.02168e-42 
4.400000 3.700000 3.27654e-41 
4.400000 3.800000 2.94282e-40 
4.400000 3.900000 2.19464e-39 
4.400000 4.000000 1.36194e-38 
4.400000 4.100000 7.04896e-38 
4.400000 4.200000 3.05093e-37 
4.400000 4.300000 1.1083e-36 
4.400000 4.400000 3.39618e-36 
4.400000 4.500000 8.83984e-36 
4.400000 4.600000 1.97213e-35 
4.400000 4.700000 3.81178e-35 
4.400000 4.800000 6.45644e-35 
4.400000 4.900000 9.68617e-35 
4.400000 5.000000 1.29808e-34 
4.400000 5.100000 1.563e-34 
4.400000 5.200000 1.69688e-34 
4.400000 5.300000 1.66436e-34 
4.400000 5.400000 1.47687e-34 
4.400000 5.500000 1.18689e-34 
4.400000 5.600000 8.64794e-35 
4.400000 5.700000 5.7191e-35 
4.400000 5.800000 3.43693e-35 
4.400000 5.900000 1.87915e-35 
4.400000 6.000000 9.3601e-36 
4.400000 6.100000 4.25325e-36 
4.400000 6.200000 1.76566e-36 
4.400000 6.300000 6.70652e-37 
4.400000 6.400000 2.33465e-37 
4.400000 6.500000 7.46318e-38 
4.400000 6.600000 2.19515e-38 
4.400000 6.700000 5.94545e-39 
4.400000 6.800000 1.47921e-39 
4.400000 6.900000 3.35661e-40 
4.400000 7.000000 6.87349e-41 
4.400000 7.100000 1.25667e-41 
4.400000 7.200000 2.03769e-42 
4.400000 7.300000 2.92751e-43 
4.400000 7.400000 3.74309e-44 
4.400000 7.500000 4.29107e-45 
4.400000 7.600000 4.45359e-46 
4.400000 7.700000 4.23769e-47 
4.400000 7.800000 3.75164e-48 
4.400000 7.900000 3.11398e-49 
4.400000 8.000000 2.39551e-50 

4.700000 2.500000 4.83051e-59 
4.700000 2.600000 6.31808e-57 
4.700000 2.700000 6.26573e-55 
4.700000 2.800000 4.7689e-53 
4.700000 2.900000 2.81745e-51 
4.700000 3.000000 1.30559e-49 
4.700000 3.100000 4.78998e-48 
4.700000 3.200000 1.40287e-46 
4.700000 3.300000 3.30318e-45 
4.700000 3.400000 6.29064e-44 
4.700000 3.500000 9.73759e-43 
4.700000 3.600000 1.23015e-41 
4.700000 3.700000 1.2724e-40 
4.700000 3.800000 1.0804e-39 
4.700000 3.900000 7.54797e-39 
4.700000 4.000000 4.34843e-38 
4.700000 4.100000 2.07126e-37 
4.700000 4.200000 8.18613e-37 
4.700000 4.300000 2.6981e-36 
4.700000 4.400000 7.46867e-36 
4.700000 4.500000 1.75277e-35 
4.700000 4.600000 3.52759e-35 
4.700000 4.700000 6.16441e-35 
4.700000 4.800000 9.46315e-35 
4.700000 4.900000 1.28818e-34 
4.700000 5.000000 1.56484e-34 
4.700000 5.100000 1.70274e-34 
4.700000 5.200000 1.66319e-34 
4.700000 5.300000 1.4604e-34 
4.700000 5.400000 1.1541e-34 
4.700000 5.500000 8.21786e-35 
4.700000 5.600000 5.27879e-35 
4.700000 5.700000 3.06292e-35 
4.700000 5.800000 1.60748e-35 
4.700000 5.900000 7.64192e-36 
4.700000 6.000000 3.29591e-36 
4.700000 6.100000 1.2917e-36 
4.700000 6.200000 4.60783e-37 
4.700000 6.300000 1.49908e-37 
4.700000 6.400000 4.4577e-38 
4.700000 6.500000 1.21408e-38 
4.700000 6.600000 3.02869e-39 
4.700000 6.700000 6.89035e-40 
4.700000 6.800000 1.41564e-40 
4.700000 6.900000 2.59406e-41 
4.700000 7.000000 4.19504e-42 
4.700000 7.100000 5.95844e-43 
4.700000 7.200000 7.44667e-44 
4.700000 7.300000 8.24218e-45 
4.700000 7.400000 8.15062e-46 
4.700000 7.500000 7.28223e-47 
4.700000 7.600000 5.97141e-48 
4.700000 7.700000 4.55885e-49 
4.700000 7.800000 3.23619e-50 
4.700000 7.900000 2.0786e-51 
4.700000 8.000000 1.15852e-52 

5.000000 2.500000 1.88099e-58 
5.000000 2.600000 2.52762e-56 
5.000000 2.700000 2.55906e-54 
5.000000 2.800000 1.97604e-52 
5.000000 2.900000 1.17705e-50 
5.000000 3.000000 5.46438e-49 
5.000000 3.100000 1.99529e-47 
5.000000 3.200000 5.77617e-46 
5.000000 3.300000 1.33463e-44 
5.000000 3.400000 2.47516e-43 
5.000000 3.500000 3.70114e-42 
5.000000 3.600000 4.47853e-41 
5.000000 3.700000 4.39797e-40 
5.000000 3.800000 3.51336e-39 
5.000000 3.900000 2.28837e-38 
5.000000 4.000000 1.2183e-37 
5.000000 4.100000 5.31947e-37 
5.000000 4.200000 1.91416e-36 
5.000000 4.300000 5.71641e-36 
5.000000 4.400000 1.43036e-35 
5.000000 4.500000 3.0349e-35 
5.000000 4.600000 5.5337e-35 
5.000000 4.700000 8.78297e-35 
5.000000 4.800000 1.22624e-34 
5.000000 4.900000 1.51682e-34 
5.000000 5.000000 1.66936e-34 
5.000000 5.100000 1.63852e-34 
5.000000 5.200000 1.4365e-34 
5.000000 5.300000 1.12629e-34 
5.000000 5.400000 7.9072e-35 
5.000000 5.500000 4.9773e-35 
5.000000 5.600000 2.81298e-35 
5.000000 5.700000 1.4295e-35 
5.000000 5.800000 6.54263e-36 
5.000000 5.900000 2.70153e-36 
5.000000 6.000000 1.00817e-36 
5.000000 6.100000 3.40679e-37 
5.000000 6.200000 1.04469e-37 
5.000000 6.300000 2.91435e-38 
5.000000 6.400000 7.41175e-39 
5.000000 6.500000 1.71715e-39 
5.000000 6.600000 3.60167e-40 
5.000000 6.700000 6.7569e-41 
5.000000 6.800000 1.11824e-41 
5.000000 6.900000 1.61608e-42 
5.000000 7.000000 2.0339e-43 
5.000000 7.100000 2.23804e-44 
5.000000 7.200000 2.16987e-45 
5.000000 7.300000 1.8717e-46 
5.000000 7.400000 1.45566e-47 
5.000000 7.500000 1.03948e-48 
5.000000 7.600000 6.89557e-50 
5.000000 7.700000 4.19204e-51 
5.000000 7.800000 2.24361e-52 
5.000000 7.900000 1.00874e-53 
5.000000 8.000000 3.6701e-55 

5.300000 2.500000 6.86925e-58 
5.300000 2.600000 9.45344e-56 
5.300000 2.700000 9.7409e-54 
5.300000 2.800000 7.60782e-52 
5.300000 2.900000 4.55495e-50 
5.300000 3.000000 2.11182e-48 
5.300000 3.100000 7.64959e-47 
5.300000 3.200000 2.18136e-45 
5.300000 3.300000 4.92804e-44 
5.300000 3.400000 8.86599e-43 
5.300000 3.500000 1.27546e-41 
5.300000 3.600000 1.47197e-40 
5.300000 3.700000 1.36631e-39 
5.300000 3.800000 1.02234e-38 
5.300000 3.900000 6.18142e-38 
5.300000 4.000000 3.02948e-37 
5.300000 4.100000 1.20891e-36 
5.300000 4.200000 3.95417e-36 
5.300000 4.300000 1.07013e-35 
5.300000 4.400000 2.42571e-35 
5.300000 4.500000 4.67087e-35 
5.300000 4.600000 7.74911e-35 
5.300000 4.700000 1.12091e-34 
5.300000 4.800000 1.42551e-34 
5.300000 4.900000 1.60178e-34 
5.300000 5.000000 1.59455e-34 
5.300000 5.100000 1.40868e-34 
5.300000 5.200000 1.10589e-34 
5.300000 5.300000 7.72511e-35 
5.300000 5.400000 4.80834e-35 
5.300000 5.500000 2.67078e-35 
5.300000 5.600000 1.32598e-35 
5.300000 5.700000 5.8948e-36 
5.300000 5.800000 2.35084e-36 
5.300000 5.900000 8.427e-37 
5.300000 6.000000 2.72097e-37 
5.300000 6.100000 7.93237e-38 
5.300000 6.200000 2.09373e-38 
5.300000 6.300000 5.01414e-39 
5.300000 6.400000 1.08813e-39 
5.300000 6.500000 2.12305e-40 
5.300000 6.600000 3.67182e-41 
5.300000 6.700000 5.54577e-42 
5.300000 6.800000 7.24476e-43 
5.300000 6.900000 8.17623e-44 
5.300000 7.000000 8.01649e-45 
5.300000 7.100000 6.88643e-46 
5.300000 7.200000 5.23679e-47 
5.300000 7.300000 3.58156e-48 
5.300000 7.400000 2.2478e-49 
5.300000 7.500000 1.30372e-50 
5.300000 7.600000 6.80854e-52 
5.300000 7.700000 3.04648e-53 
5.300000 7.800000 1.11234e-54 
5.300000 7.900000 3.19964e-56 
5.300000 8.000000 7.0879e-58 

5.600000 2.500000 2.36644e-57 
5.600000 2.600000 3.32564e-55 
5.600000 2.700000 3.47772e-53 
5.600000 2.800000 2.73951e-51 
5.600000 2.900000 1.6439e-49 
5.600000 3.000000 7.58905e-48 
5.600000 3.100000 2.71856e-46 
5.600000 3.200000 7.61143e-45 
5.600000 3.300000 1.67546e-43 
5.600000 3.400000 2.91341e-42 
5.600000 3.500000 4.01666e-41 
5.600000 3.600000 4.40325e-40 
5.600000 3.700000 3.84734e-39 
5.600000 3.800000 2.68548e-38 
5.600000 3.900000 1.50167e-37 
5.600000 4.000000 6.75412e-37 
5.600000 4.100000 2.45843e-36 
5.600000 4.200000 7.30661e-36 
5.600000 4.300000 1.79476e-35 
5.600000 4.400000 3.69732e-35 
5.600000 4.500000 6.48702e-35 
5.600000 4.600000 9.82587e-35 
5.600000 4.700000 1.29764e-34 
5.600000 4.800000 1.50313e-34 
5.600000 4.900000 1.53216e-34 
5.600000 5.000000 1.3769e-34 
5.600000 5.100000 1.09252e-34 
5.600000 5.200000 7.66458e-35 
5.600000 5.300000 4.76121e-35 
5.600000 5.400000 2.62311e-35 
5.600000 5.500000 1.28396e-35 
5.600000 5.600000 5.59432e-36 
5.600000 5.700000 2.17411e-36 
5.600000 5.800000 7.55255e-37 
5.600000 5.900000 2.35053e-37 
5.600000 6.000000 6.57086e-38 
5.600000 6.100000 1.65488e-38 
5.600000 6.200000 3.76398e-39 
5.600000 6.300000 7.71834e-40 
5.600000 6.400000 1.41412e-40 
5.600000 6.500000 2.27844e-41 
5.600000 6.600000 3.17672e-42 
5.600000 6.700000 3.7963e-43 
5.600000 6.800000 3.88911e-44 
5.600000 6.900000 3.43812e-45 
5.600000 7.000000 2.64604e-46 
5.600000 7.100000 1.79229e-47 
5.600000 7.200000 1.08823e-48 
5.600000 7.300000 6.05292e-50 
5.600000 7.400000 3.08894e-51 
5.600000 7.500000 1.39424e-52 
5.600000 7.600000 5.25956e-54 
5.600000 7.700000 1.5784e-55 
5.600000 7.800000 3.64431e-57 
5.600000 7.900000 6.33736e-59 
5.600000 8.000000 8.17886e-61 

5.900000 2.500000 7.72904e-57 
5.900000 2.600000 1.10625e-54 
5.900000 2.700000 1.17096e-52 
5.900000 2.800000 9.27885e-51 
5.900000 2.900000 5.56543e-49 
5.900000 3.000000 2.55114e-47 
5.900000 3.100000 9.01108e-46 
5.900000 3.200000 2.46936e-44 
5.900000 3.300000 5.27879e-43 
5.900000 3.400000 8.84077e-42 
5.900000 3.500000 1.16379e-40 
5.900000 3.600000 1.20726e-39 
5.900000 3.700000 9.89169e-39 
5.900000 3.800000 6.4175e-38 
5.900000 3.900000 3.30836e-37 
5.900000 4.000000 1.36253e-36 
5.900000 4.100000 4.5197e-36 
5.900000 4.200000 1.22163e-35 
5.900000 4.300000 2.73063e-35 
5.900000 4.400000 5.13115e-35 
5.900000 4.500000 8.2314e-35 
5.900000 4.600000 1.14072e-34 
5.900000 4.700000 1.37581e-34 
5.900000 4.800000 1.45e-34 
5.900000 4.900000 1.33841e-34 
5.900000 5.000000 1.08369e-34 
5.900000 5.100000 7.70842e-35 
5.900000 5.200000 4.82432e-35 
5.900000 5.300000 2.66111e-35 
5.900000 5.400000 1.29613e-35 
5.900000 5.500000 5.58585e-36 
5.900000 5.600000 2.13465e-36 
5.900000 5.700000 7.25061e-37 
5.900000 5.800000 2.19432e-37 
5.900000 5.900000 5.93323e-38 
5.900000 6.000000 1.43802e-38 
5.900000 6.100000 3.13255e-39 
5.900000 6.200000 6.1243e-40 
5.900000 6.300000 1.06406e-40 
5.900000 6.400000 1.61474e-41 
5.900000 6.500000 2.10316e-42 
5.900000 6.600000 2.32809e-43 
5.900000 6.700000 2.19157e-44 
5.900000 6.800000 1.76761e-45 
5.900000 6.900000 1.23241e-46 
5.900000 7.000000 7.51158e-48 
5.900000 7.100000 4.0857e-49 
5.900000 7.200000 2.02984e-50 
5.900000 7.300000 9.18414e-52 
5.900000 7.400000 3.61608e-53 
5.900000 7.500000 1.16454e-54 
5.900000 7.600000 2.91805e-56 
5.900000 7.700000 5.50628e-58 
5.900000 7.800000 7.66436e-60 
5.900000 7.900000 7.75699e-62 
5.900000 8.000000 5.643e-64 

6.200000 2.500000 2.40371e-56 
6.200000 2.600000 3.49532e-54 
6.200000 2.700000 3.7358e-52 
6.200000 2.800000 2.97054e-50 
6.200000 2.900000 1.77639e-48 
6.200000 3.000000 8.06376e-47 
6.200000 3.100000 2.80056e-45 
6.200000 3.200000 7.48922e-44 
6.200000 3.300000 1.54984e-42 
6.200000 3.400000 2.49155e-41 
6.200000 3.500000 3.12068e-40 
6.200000 3.600000 3.05244e-39 
6.200000 3.700000 2.33711e-38 
6.200000 3.800000 1.40485e-37 
6.200000 3.900000 6.66021e-37 
6.200000 4.000000 2.50817e-36 
6.200000 4.100000 7.58351e-36 
6.200000 4.200000 1.86764e-35 
6.200000 4.300000 3.81104e-35 
6.200000 4.400000 6.55479e-35 
6.200000 4.500000 9.6377e-35 
6.200000 4.600000 1.22285e-34 
6.200000 4.700000 1.34596e-34 
6.200000 4.800000 1.2887e-34 
6.200000 4.900000 1.07525e-34 
6.200000 5.000000 7.83051e-35 
6.200000 5.100000 4.98525e-35 
6.200000 5.200000 2.77955e-35 
6.200000 5.300000 1.35989e-35 
6.200000 5.400000 5.85092e-36 
6.200000 5.500000 2.21895e-36 
6.200000 5.600000 7.4364e-37 
6.200000 5.700000 2.20797e-37 
6.200000 5.800000 5.8253e-38 
6.200000 5.900000 1.37033e-38 
6.200000 6.000000 2.88337e-39 
6.200000 6.100000 5.42214e-40 
6.200000 6.200000 9.02286e-41 
6.200000 6.300000 1.30426e-41 
6.200000 6.400000 1.60659e-42 
6.200000 6.500000 1.6682e-43 
6.200000 6.600000 1.46112e-44 
6.200000 6.700000 1.08806e-45 
6.200000 6.800000 6.94967e-47 
6.200000 6.900000 3.85082e-48 
6.200000 7.000000 1.89269e-49 
6.200000 7.100000 8.46515e-51 
6.200000 7.200000 3.42542e-52 
6.200000 7.300000 1.19048e-53 
6.200000 7.400000 3.32401e-55 
6.200000 7.500000 7.08148e-57 
6.200000 7.600000 1.11427e-58 
6.200000 7.700000 1.26869e-60 
6.200000 7.800000 1.02951e-62 
6.200000 7.900000 5.88746e-65 
6.200000 8.000000 2.36187e-67 

6.500000 2.500000 7.14507e-56 
6.500000 2.600000 1.05317e-53 
6.500000 2.700000 1.13398e-51 
6.500000 2.800000 9.02697e-50 
6.500000 2.900000 5.36894e-48 
6.500000 3.000000 2.40738e-46 
6.500000 3.100000 8.19873e-45 
6.500000 3.200000 2.1334e-43 
6.500000 3.300000 4.26086e-42 
6.500000 3.400000 6.5541e-41 
6.500000 3.500000 7.78473e-40 
6.500000 3.600000 7.15595e-39 
6.500000 3.700000 5.10381e-38 
6.500000 3.800000 2.83493e-37 
6.500000 3.900000 1.23374e-36 
6.500000 4.000000 4.24632e-36 
6.500000 4.100000 1.17157e-35 
6.500000 4.200000 2.63584e-35 
6.500000 4.300000 4.9264e-35 
6.500000 4.400000 7.77671e-35 
6.500000 4.500000 1.0493e-34 
6.500000 4.600000 1.21861e-34 
6.500000 4.700000 1.22252e-34 
6.500000 4.800000 1.06165e-34 
6.500000 4.900000 7.99412e-35 
6.500000 5.000000 5.22815e-35 
6.500000 5.100000 2.97521e-35 
6.500000 5.200000 1.47624e-35 
6.500000 5.300000 6.40115e-36 
6.500000 5.400000 2.43169e-36 
6.500000 5.500000 8.11442e-37 
6.500000 5.600000 2.38518e-37 
6.500000 5.700000 6.19445e-38 
6.500000 5.800000 1.42653e-38 
6.500000 5.900000 2.92389e-39 
6.500000 6.000000 5.33456e-40 
6.500000 6.100000 8.58556e-41 
6.500000 6.200000 1.19558e-41 
6.500000 6.300000 1.41028e-42 
6.500000 6.400000 1.39148e-43 
6.500000 6.500000 1.14828e-44 
6.500000 6.600000 7.99058e-46 
6.500000 6.700000 4.73025e-47 
6.500000 6.800000 2.40796e-48 
6.500000 6.900000 1.07885e-49 
6.500000 7.000000 4.3769e-51 
6.500000 7.100000 1.59952e-52 
6.500000 7.200000 4.97381e-54 
6.500000 7.300000 1.225e-55 
6.500000 7.400000 2.26357e-57 
6.500000 7.500000 3.03522e-59 
6.500000 7.600000 2.8914e-61 
6.500000 7.700000 1.92658e-63 
6.500000 7.800000 8.87294e-66 
6.500000 7.900000 2.81584e-68 
6.500000 8.000000 6.37974e-71 

6.800000 2.500000 2.03677e-55 
6.800000 2.600000 3.03659e-53 
6.800000 2.700000 3.28679e-51 
6.800000 2.800000 2.61353e-49 
6.800000 2.900000 1.54246e-47 
6.800000 3.000000 6.81499e-46 
6.800000 3.100000 2.27003e-44 
6.800000 3.200000 5.73178e-43 
6.800000 3.300000 1.10158e-41 
6.800000 3.400000 1.61634e-40 
6.800000 3.500000 1.8149e-39 
6.800000 3.600000 1.56304e-38 
6.800000 3.700000 1.03559e-37 
6.800000 3.800000 5.30397e-37 
6.800000 3.900000 2.11656e-36 
6.800000 4.000000 6.66034e-36 
6.800000 4.100000 1.68005e-35 
6.800000 4.200000 3.46338e-35 
6.800000 4.300000 5.94623e-35 
6.800000 4.400000 8.63017e-35 
6.800000 4.500000 1.06881e-34 
6.800000 4.600000 1.13508e-34 
6.800000 4.700000 1.03639e-34 
6.800000 4.800000 8.15058e-35 
6.800000 4.900000 5.53073e-35 
6.800000 5.000000 3.24425e-35 
6.800000 5.100000 1.64856e-35 
6.800000 5.200000 7.274e-36 
6.800000 5.300000 2.79419e-36 
6.800000 5.400000 9.37074e-37 
6.800000 5.500000 2.75181e-37 
6.800000 5.600000 7.09845e-38 
6.800000 5.700000 1.61434e-38 
6.800000 5.800000 3.25023e-39 
6.800000 5.900000 5.8024e-40 
6.800000 6.000000 9.11623e-41 
6.800000 6.100000 1.23636e-41 
6.800000 6.200000 1.41416e-42 
6.800000 6.300000 1.34322e-43 
6.800000 6.400000 1.05791e-44 
6.800000 6.500000 6.9644e-46 
6.800000 6.600000 3.86682e-47 
6.800000 6.700000 1.82857e-48 
6.800000 6.800000 7.53559e-50 
6.800000 6.900000 2.79468e-51 
6.800000 7.000000 9.31317e-53 
6.800000 7.100000 2.62873e-54 
6.800000 7.200000 5.8162e-56 
6.800000 7.300000 9.5206e-58 
6.800000 7.400000 1.11284e-59 
6.800000 7.500000 9.08477e-62 
6.800000 7.600000 5.09354e-64 
6.800000 7.700000 1.93816e-66 
6.800000 7.800000 4.9898e-69 
6.800000 7.900000 9.09637e-72 
6.800000 8.000000 1.47247e-74 

7.100000 2.500000 5.58421e-55 
7.100000 2.600000 8.4039e-53 
7.100000 2.700000 9.12548e-51 
7.100000 2.800000 7.2329e-49 
7.100000 2.900000 4.22642e-47 
7.100000 3.000000 1.83569e-45 
7.100000 3.100000 5.96547e-44 
7.100000 3.200000 1.45773e-42 
7.100000 3.300000 2.68833e-41 
7.100000 3.400000 3.7517e-40 
7.100000 3.500000 3.97065e-39 
7.100000 3.600000 3.19493e-38 
7.100000 3.700000 1.96175e-37 
7.100000 3.800000 9.24979e-37 
7.100000 3.900000 3.38338e-36 
7.100000 4.000000 9.74502e-36 
7.100000 4.100000 2.25294e-35 
7.100000 4.200000 4.26804e-35 
7.100000 4.300000 6.74636e-35 
7.100000 4.400000 9.00943e-35 
7.100000 4.500000 1.02359e-34 
7.100000 4.600000 9.92828e-35 
7.100000 4.700000 8.23868e-35 
7.100000 4.800000 5.85962e-35 
7.100000 4.900000 3.57878e-35 
7.100000 5.000000 1.88098e-35 
7.100000 5.100000 8.5284e-36 
7.100000 5.200000 3.34478e-36 
7.100000 5.300000 1.13804e-36 
7.100000 5.400000 3.36988e-37 
7.100000 5.500000 8.71273e-38 
7.100000 5.600000 1.97422e-38 
7.100000 5.700000 3.93775e-39 
7.100000 5.800000 6.93489e-40 
7.100000 5.900000 1.0729e-40 
7.100000 6.000000 1.43193e-41 
7.100000 6.100000 1.60761e-42 
7.100000 6.200000 1.48959e-43 
7.100000 6.300000 1.13444e-44 
7.100000 6.400000 7.15517e-46 
7.100000 6.500000 3.77222e-47 
7.100000 6.600000 1.67663e-48 
7.100000 6.700000 6.41818e-50 
7.100000 6.800000 2.19234e-51 
7.100000 6.900000 6.72471e-53 
7.100000 7.000000 1.74753e-54 
7.100000 7.100000 3.53954e-56 
7.100000 7.200000 5.24449e-58 
7.100000 7.300000 5.46988e-60 
7.100000 7.400000 3.92103e-62 
7.100000 7.500000 1.89807e-64 
7.100000 7.600000 6.12295e-67 
7.100000 7.700000 1.31243e-69 
7.100000 7.800000 1.96584e-72 
7.100000 7.900000 2.65197e-75 
7.100000 8.000000 4.76583e-78 

7.400000 2.500000 1.47637e-54 
7.400000 2.600000 2.23852e-52 
7.400000 2.700000 2.43377e-50 
7.400000 2.800000 1.91892e-48 
7.400000 2.900000 1.10781e-46 
7.400000 3.000000 4.71938e-45 
7.400000 3.100000 1.49265e-43 
7.400000 3.200000 3.52087e-42 
7.400000 3.300000 6.21386e-41 
7.400000 3.400000 8.22487e-40 
7.400000 3.500000 8.18258e-39 
7.400000 3.600000 6.13602e-38 
7.400000 3.700000 3.48486e-37 
7.400000 3.800000 1.51118e-36 
7.400000 3.900000 5.06837e-36 
7.400000 4.000000 1.33855e-35 
7.400000 4.100000 2.84391e-35 
7.400000 4.200000 4.96373e-35 
7.400000 4.300000 7.23352e-35 
7.400000 4.400000 8.88827e-35 
7.400000 4.500000 9.25514e-35 
7.400000 4.600000 8.18822e-35 
7.400000 4.700000 6.16725e-35 
7.400000 4.800000 3.9621e-35 
7.400000 4.900000 2.17584e-35 
7.400000 5.000000 1.02391e-35 
7.400000 5.100000 4.14032e-36 
7.400000 5.200000 1.44304e-36 
7.400000 5.300000 4.3494e-37 
7.400000 5.400000 1.13758e-37 
7.400000 5.500000 2.59152e-38 
7.400000 5.600000 5.16546e-39 
7.400000 5.700000 9.04668e-40 
7.400000 5.800000 1.38938e-40 
7.400000 5.900000 1.84215e-41 
7.400000 6.000000 2.05365e-42 
7.400000 6.100000 1.88096e-43 
7.400000 6.200000 1.40396e-44 
7.400000 6.300000 8.59385e-46 
7.400000 6.400000 4.35691e-47 
7.400000 6.500000 1.84325e-48 
7.400000 6.600000 6.62499e-50 
7.400000 6.700000 2.10095e-51 
7.400000 6.800000 5.97999e-53 
7.400000 6.900000 1.44969e-54 
7.400000 7.000000 2.73832e-56 
7.400000 7.100000 3.75336e-58 
7.400000 7.200000 3.57699e-60 
7.400000 7.300000 2.30842e-62 
7.400000 7.400000 9.90114e-65 
7.400000 7.500000 2.78144e-67 
7.400000 7.600000 5.09551e-70 
7.400000 7.700000 6.39939e-73 
7.400000 7.800000 7.18202e-76 
7.400000 7.900000 1.0965e-78 
7.400000 8.000000 1.75517e-81 

7.700000 2.500000 3.77262e-54 
7.700000 2.600000 5.75272e-52 
7.700000 2.700000 6.25065e-50 
7.700000 2.800000 4.89309e-48 
7.700000 2.900000 2.78515e-46 
7.700000 3.000000 1.1612e-44 
7.700000 3.100000 3.56613e-43 
7.700000 3.200000 8.09977e-42 
7.700000 3.300000 1.36447e-40 
7.700000 3.400000 1.7085e-39 
7.700000 3.500000 1.5937e-38 
7.700000 3.600000 1.11136e-37 
7.700000 3.700000 5.82936e-37 
7.700000 3.800000 2.3239e-36 
7.700000 3.900000 7.15355e-36 
7.700000 4.000000 1.73612e-35 
7.700000 4.100000 3.3988e-35 
7.700000 4.200000 5.47611e-35 
7.700000 4.300000 7.36156e-35 
7.700000 4.400000 8.31829e-35 
7.700000 4.500000 7.92946e-35 
7.700000 4.600000 6.3911e-35 
7.700000 4.700000 4.36396e-35 
7.700000 4.800000 2.5299e-35 
7.700000 4.900000 1.24823e-35 
7.700000 5.000000 5.25637e-36 
7.700000 5.100000 1.89515e-36 
7.700000 5.200000 5.87021e-37 
7.700000 5.300000 1.56782e-37 
7.700000 5.400000 3.62426e-38 
7.700000 5.500000 7.28365e-39 
7.700000 5.600000 1.279e-39 
7.700000 5.700000 1.96461e-40 
7.700000 5.800000 2.60912e-41 
7.700000 5.900000 2.91916e-42 
7.700000 6.000000 2.67717e-43 
7.700000 6.100000 1.98555e-44 
7.700000 6.200000 1.19535e-45 
7.700000 6.300000 5.90348e-47 
7.700000 6.400000 2.40867e-48 
7.700000 6.500000 8.23043e-50 
7.700000 6.600000 2.44414e-51 
7.700000 6.700000 6.49985e-53 
7.700000 6.800000 1.48665e-54 
7.700000 6.900000 2.66423e-56 
7.700000 7.000000 3.45182e-58 
7.700000 7.100000 3.07763e-60 
7.700000 7.200000 1.83404e-62 
7.700000 7.300000 7.15573e-65 
7.700000 7.400000 1.79873e-67 
7.700000 7.500000 2.89354e-70 
7.700000 7.600000 3.11214e-73 
7.700000 7.700000 2.89517e-76 
7.700000 7.800000 3.07374e-79 
7.700000 7.900000 5.00618e-82 
7.700000 8.000000 5.4461e-85 

8.000000 2.500000 9.33718e-54 
8.000000 2.600000 1.42941e-51 
8.000000 2.700000 1.54943e-49 
8.000000 2.800000 1.20198e-47 
8.000000 2.900000 6.73222e-46 
8.000000 3.000000 2.74119e-44 
8.000000 3.100000 8.15569e-43 
8.000000 3.200000 1.77944e-41 
8.000000 3.300000 2.85417e-40 
8.000000 3.400000 3.37241e-39 
8.000000 3.500000 2.94287e-38 
8.000000 3.600000 1.90488e-37 
8.000000 3.700000 9.21837e-37 
8.000000 3.800000 3.37899e-36 
8.000000 3.900000 9.56088e-36 
8.000000 4.000000 2.13748e-35 
8.000000 4.100000 3.86473e-35 
8.000000 4.200000 5.75516e-35 
8.000000 4.300000 7.13651e-35 
8.000000 4.400000 7.40912e-35 
8.000000 4.500000 6.4584e-35 
8.000000 4.600000 4.73672e-35 
8.000000 4.700000 2.92923e-35 
8.000000 4.800000 1.53108e-35 
8.000000 4.900000 6.7832e-36 
8.000000 5.000000 2.55535e-36 
8.000000 5.100000 8.21456e-37 
8.000000 5.200000 2.26192e-37 
8.000000 5.300000 5.35588e-38 
8.000000 5.400000 1.09529e-38 
8.000000 5.500000 1.94476e-39 
8.000000 5.600000 3.00947e-40 
8.000000 5.700000 4.03203e-41 
8.000000 5.800000 4.56906e-42 
8.000000 5.900000 4.24708e-43 
8.000000 6.000000 3.17381e-44 
8.000000 6.100000 1.9053e-45 
8.000000 6.200000 9.28693e-47 
8.000000 6.300000 3.70461e-48 
8.000000 6.400000 1.22016e-49 
8.000000 6.500000 3.42862e-51 
8.000000 6.600000 8.56863e-53 
8.000000 6.700000 1.86464e-54 
8.000000 6.800000 3.22011e-56 
8.000000 6.900000 4.02517e-58 
8.000000 7.000000 3.43753e-60 
8.000000 7.100000 1.93968e-62 
8.000000 7.200000 7.06853e-65 
8.000000 7.300000 1.63401e-67 
8.000000 7.400000 2.37396e-70 
8.000000 7.500000 2.23887e-73 
8.000000 7.600000 1.72682e-76 
8.000000 7.700000 1.47199e-79 
8.000000 7.800000 2.09955e-82 
8.000000 7.900000 1.9917e-85 
8.000000 8.000000 5.75328e-89 

8.300000 2.500000 2.24244e-53 
8.300000 2.600000 3.44081e-51 
8.300000 2.700000 3.71443e-49 
8.300000 2.800000 2.85037e-47 
8.300000 2.900000 1.56792e-45 
8.300000 3.000000 6.2221e-44 
8.300000 3.100000 1.78955e-42 
8.300000 3.200000 3.74207e-41 
8.300000 3.300000 5.70151e-40 
8.300000 3.400000 6.34253e-39 
8.300000 3.500000 5.167e-38 
8.300000 3.600000 3.09981e-37 
8.300000 3.700000 1.38325e-36 
8.300000 3.800000 4.66525e-36 
8.300000 3.900000 1.21568e-35 
8.300000 4.000000 2.50965e-35 
8.300000 4.100000 4.19848e-35 
8.300000 4.200000 5.78191e-35 
8.300000 4.300000 6.61018e-35 
8.300000 4.400000 6.29901e-35 
8.300000 4.500000 5.01536e-35 
8.300000 4.600000 3.34377e-35 
8.300000 4.700000 1.87117e-35 
8.300000 4.800000 8.8128e-36 
8.300000 4.900000 3.50453e-36 
8.300000 5.000000 1.18095e-36 
8.300000 5.100000 3.38544e-37 
8.300000 5.200000 8.2901e-38 
8.300000 5.300000 1.74153e-38 
8.300000 5.400000 3.15485e-39 
8.300000 5.500000 4.95515e-40 
8.300000 5.600000 6.73889e-41 
8.300000 5.700000 7.79262e-42 
8.300000 5.800000 7.42109e-43 
8.300000 5.900000 5.66466e-44 
8.300000 6.000000 3.43998e-45 
8.300000 6.100000 1.67724e-46 
8.300000 6.200000 6.63069e-48 
8.300000 6.300000 2.13728e-49 
8.300000 6.400000 5.75696e-51 
8.300000 6.500000 1.36013e-52 
8.300000 6.600000 2.83022e-54 
8.300000 6.700000 4.76785e-56 
8.300000 6.800000 5.86144e-58 
8.300000 6.900000 4.90556e-60 
8.300000 7.000000 2.68702e-62 
8.300000 7.100000 9.39004e-65 
8.300000 7.200000 2.05237e-67 
8.300000 7.300000 2.76991e-70 
8.300000 7.400000 2.35521e-73 
8.300000 7.500000 1.53064e-76 
8.300000 7.600000 9.97851e-80 
8.300000 7.700000 1.27899e-82 
8.300000 7.800000 1.07579e-85 
8.300000 7.900000 3.23245e-89 
8.300000 8.000000 6.44928e-92 

8.600000 2.500000 5.23469e-53 
8.600000 2.600000 8.03792e-51 
8.600000 2.700000 8.62733e-49 
8.600000 2.800000 6.53752e-47 
8.600000 2.900000 3.52526e-45 
8.600000 3.000000 1.36073e-43 
8.600000 3.100000 3.77523e-42 
8.600000 3.200000 7.54917e-41 
8.600000 3.300000 1.09015e-39 
8.600000 3.400000 1.13931e-38 
8.600000 3.500000 8.64935e-38 
8.600000 3.600000 4.80389e-37 
8.600000 3.700000 1.97652e-36 
8.600000 3.800000 6.14083e-36 
8.600000 3.900000 1.47683e-35 
8.600000 4.000000 2.8214e-35 
8.600000 4.100000 4.37262e-35 
8.600000 4.200000 5.56886e-35 
8.600000 4.300000 5.8653e-35 
8.600000 4.400000 5.12492e-35 
8.600000 4.500000 3.72349e-35 
8.600000 4.600000 2.2547e-35 
8.600000 4.700000 1.14093e-35 
8.600000 4.800000 4.83968e-36 
8.600000 4.900000 1.72718e-36 
8.600000 5.000000 5.20671e-37 
8.600000 5.100000 1.33152e-37 
8.600000 5.200000 2.90126e-38 
8.600000 5.300000 5.41283e-39 
8.600000 5.400000 8.69879e-40 
8.600000 5.500000 1.20797e-40 
8.600000 5.600000 1.4335e-41 
8.600000 5.700000 1.41099e-42 
8.600000 5.800000 1.11433e-43 
8.600000 5.900000 6.9469e-45 
8.600000 6.000000 3.43588e-46 
8.600000 6.100000 1.36424e-47 
8.600000 6.200000 4.37076e-49 
8.600000 6.300000 1.14652e-50 
8.600000 6.400000 2.58185e-52 
8.600000 6.500000 5.14821e-54 
8.600000 6.600000 8.52812e-56 
8.600000 6.700000 1.04834e-57 
8.600000 6.800000 8.78712e-60 
8.600000 6.900000 4.78716e-62 
8.600000 7.000000 1.64634e-64 
8.600000 7.100000 3.49695e-67 
8.600000 7.200000 4.5138e-70 
8.600000 7.300000 3.56757e-73 
8.600000 7.400000 1.98877e-76 
8.600000 7.500000 9.44255e-80 
8.600000 7.600000 1.11544e-82 
8.600000 7.700000 8.67779e-86 
8.600000 7.800000 2.49427e-89 
8.600000 7.900000 4.496e-92 
8.600000 8.000000 5.13058e-95 

8.900000 2.500000 1.18958e-52 
8.900000 2.600000 1.82514e-50 
8.900000 2.700000 1.94465e-48 
8.900000 2.800000 1.45268e-46 
8.900000 2.900000 7.66515e-45 
8.900000 3.000000 2.8723e-43 
8.900000 3.100000 7.6715e-42 
8.900000 3.200000 1.46386e-40 
8.900000 3.300000 1.99929e-39 
8.900000 3.400000 1.95917e-38 
8.900000 3.500000 1.38394e-37 
8.900000 3.600000 7.11069e-37 
8.900000 3.700000 2.69851e-36 
8.900000 3.800000 7.73524e-36 
8.900000 3.900000 1.72064e-35 
8.900000 4.000000 3.04748e-35 
8.900000 4.100000 4.3783e-35 
8.900000 4.200000 5.15484e-35 
8.900000 4.300000 4.99735e-35 
8.900000 4.400000 3.99991e-35 
8.900000 4.500000 2.64946e-35 
8.900000 4.600000 1.45604e-35 
8.900000 4.700000 6.65904e-36 
8.900000 4.800000 2.54339e-36 
8.900000 4.900000 8.14574e-37 
8.900000 5.000000 2.1973e-37 
8.900000 5.100000 5.01495e-38 
8.900000 5.200000 9.73042e-39 
8.900000 5.300000 1.61441e-39 
8.900000 5.400000 2.30378e-40 
8.900000 5.500000 2.81772e-41 
8.900000 5.600000 2.8848e-42 
8.900000 5.700000 2.38329e-43 
8.900000 5.800000 1.54775e-44 
8.900000 5.900000 7.88114e-46 
8.900000 6.000000 3.18548e-47 
8.900000 6.100000 1.02963e-48 
8.900000 6.200000 2.67816e-50 
8.900000 6.300000 5.82111e-52 
8.900000 6.400000 1.11324e-53 
8.900000 6.500000 1.81822e-55 
8.900000 6.600000 2.26328e-57 
8.900000 6.700000 1.9382e-59 
8.900000 6.800000 1.07525e-61 
8.900000 6.900000 3.73317e-64 
8.900000 7.000000 7.91627e-67 
8.900000 7.100000 1.00602e-69 
8.900000 7.200000 7.63335e-73 
8.900000 7.300000 3.81116e-76 
8.900000 7.400000 1.22671e-79 
8.900000 7.500000 1.36881e-82 
8.900000 7.600000 9.90213e-86 
8.900000 7.700000 2.60895e-89 
8.900000 7.800000 4.35225e-92 
8.900000 7.900000 4.76442e-95 
8.900000 8.000000 0 

9.200000 2.500000 2.63532e-52 
9.200000 2.600000 4.03417e-50 
9.200000 2.700000 4.2603e-48 
9.200000 2.800000 3.13223e-46 
9.200000 2.900000 1.61441e-44 
9.200000 3.000000 5.86189e-43 
9.200000 3.100000 1.50421e-41 
9.200000 3.200000 2.73344e-40 
9.200000 3.300000 3.52379e-39 
9.200000 3.400000 3.23207e-38 
9.200000 3.500000 2.12172e-37 
9.200000 3.600000 1.00812e-36 
9.200000 3.700000 3.53158e-36 
9.200000 3.800000 9.35686e-36 
9.200000 3.900000 1.92912e-35 
9.200000 4.000000 3.17178e-35 
9.200000 4.100000 4.22506e-35 
9.200000 4.200000 4.59571e-35 
9.200000 4.300000 4.09719e-35 
9.200000 4.400000 3.00136e-35 
9.200000 4.500000 1.81105e-35 
9.200000 4.600000 9.02739e-36 
9.200000 4.700000 3.72999e-36 
9.200000 4.800000 1.28262e-36 
9.200000 4.900000 3.68718e-37 
9.200000 5.000000 8.90318e-38 
9.200000 5.100000 1.81455e-38 
9.200000 5.200000 3.13831e-39 
9.200000 5.300000 4.63688e-40 
9.200000 5.400000 5.86957e-41 
9.200000 5.500000 6.27377e-42 
9.200000 5.600000 5.4671e-43 
9.200000 5.700000 3.74922e-44 
9.200000 5.800000 1.99628e-45 
9.200000 5.900000 8.32914e-47 
9.200000 6.000000 2.7543e-48 
9.200000 6.100000 7.23699e-50 
9.200000 6.200000 1.54545e-51 
9.200000 6.300000 2.84418e-53 
9.200000 6.400000 4.5669e-55 
9.200000 6.500000 5.79863e-57 
9.200000 6.600000 5.16039e-59 
9.200000 6.700000 2.98025e-61 
9.200000 6.800000 1.07067e-63 
9.200000 6.900000 2.32733e-66 
9.200000 7.000000 2.99492e-69 
9.200000 7.100000 2.25511e-72 
9.200000 7.200000 1.04713e-75 
9.200000 7.300000 2.14888e-79 
9.200000 7.400000 2.32126e-82 
9.200000 7.500000 1.60306e-85 
9.200000 7.600000 3.64372e-89 
9.200000 7.700000 5.75959e-92 
9.200000 7.800000 5.75937e-95 
9.200000 7.900000 0 
9.200000 8.000000 0 

9.500000 2.500000 5.69854e-52 
9.500000 2.600000 8.69136e-50 
9.500000 2.700000 9.08383e-48 
9.500000 2.800000 6.56256e-46 
9.500000 2.900000 3.2984e-44 
9.500000 3.000000 1.15839e-42 
9.500000 3.100000 2.85047e-41 
9.500000 3.200000 4.92327e-40 
9.500000 3.300000 5.97964e-39 
9.500000 3.400000 5.1256e-38 
9.500000 3.500000 3.12392e-37 
9.500000 3.600000 1.37263e-36 
9.500000 3.700000 4.44381e-36 
9.500000 3.800000 1.09037e-35 
9.500000 3.900000 2.08738e-35 
9.500000 4.000000 3.18866e-35 
9.500000 4.100000 3.93744e-35 
9.500000 4.200000 3.9539e-35 
9.500000 4.300000 3.23881e-35 
9.500000 4.400000 2.16964e-35 
9.500000 4.500000 1.19182e-35 
9.500000 4.600000 5.38591e-36 
9.500000 4.700000 2.0101e-36 
9.500000 4.800000 6.22339e-37 
9.500000 4.900000 1.60625e-37 
9.500000 5.000000 3.4735e-38 
9.500000 5.100000 6.32615e-39 
9.500000 5.200000 9.76545e-40 
9.500000 5.300000 1.28592e-40 
9.500000 5.400000 1.43794e-41 
9.500000 5.500000 1.32803e-42 
9.500000 5.600000 9.72522e-44 
9.500000 5.700000 5.50082e-45 
9.500000 5.800000 2.40522e-46 
9.500000 5.900000 8.24525e-48 
9.500000 6.000000 2.22645e-49 
9.500000 6.100000 4.77368e-51 
9.500000 6.200000 8.54283e-53 
9.500000 6.300000 1.34052e-54 
9.500000 6.400000 1.73547e-56 
9.500000 6.500000 1.62537e-58 
9.500000 6.600000 9.97107e-61 
9.500000 6.700000 3.79524e-63 
9.500000 6.800000 8.67535e-66 
9.500000 6.900000 1.16203e-68 
9.500000 7.000000 8.96389e-72 
9.500000 7.100000 4.06327e-75 
9.500000 7.200000 1.42002e-78 
9.500000 7.300000 5.33154e-82 
9.500000 7.400000 3.55748e-85 
9.500000 7.500000 6.68222e-89 
9.500000 7.600000 1.02608e-91 
9.500000 7.700000 1.00958e-94 
9.500000 7.800000 0 
9.500000 7.900000 0 
9.500000 8.000000 0 

9.800000 2.500000 1.20418e-51 
9.800000 2.600000 1.82736e-49 
9.800000 2.700000 1.88743e-47 
9.800000 2.800000 1.33781e-45 
9.800000 2.900000 6.54601e-44 
9.800000 3.000000 2.21967e-42 
9.800000 3.100000 5.22805e-41 
9.800000 3.200000 8.56667e-40 
9.800000 3.300000 9.78611e-39 
9.800000 3.400000 7.82872e-38 
9.800000 3.500000 4.42705e-37 
9.800000 3.600000 1.79954e-36 
9.800000 3.700000 5.39173e-36 
9.800000 3.800000 1.22756e-35 
9.800000 3.900000 2.1853e-35 
9.800000 4.000000 3.10279e-35 
9.800000 4.100000 3.55009e-35 
9.800000 4.200000 3.28846e-35 
9.800000 4.300000 2.47302e-35 
9.800000 4.400000 1.51386e-35 
9.800000 4.500000 7.56629e-36 
9.800000 4.600000 3.09893e-36 
9.800000 4.700000 1.04461e-36 
9.800000 4.800000 2.91242e-37 
9.800000 4.900000 6.75152e-38 
9.800000 5.000000 1.30825e-38 
9.800000 5.100000 2.13126e-39 
9.800000 5.200000 2.94036e-40 
9.800000 5.300000 3.44708e-41 
9.800000 5.400000 3.37864e-42 
9.800000 5.500000 2.66181e-43 
9.800000 5.600000 1.62252e-44 
9.800000 5.700000 7.55829e-46 
9.800000 5.800000 2.72307e-47 
9.800000 5.900000 7.66798e-49 
9.800000 6.000000 1.68849e-50 
9.800000 6.100000 2.99504e-52 
9.800000 6.200000 4.57775e-54 
9.800000 6.300000 5.99273e-56 
9.800000 6.400000 5.94052e-58 
9.800000 6.500000 3.93721e-60 
9.800000 6.600000 1.62312e-62 
9.800000 6.700000 3.99869e-65 
9.800000 6.800000 5.72558e-68 
9.800000 6.900000 4.66349e-71 
9.800000 7.000000 2.15771e-74 
9.800000 7.100000 7.18475e-78 
9.800000 7.200000 1.62491e-81 
9.800000 7.300000 1.07445e-84 
9.800000 7.400000 7.62352e-88 
9.800000 7.500000 2.40689e-91 
9.800000 7.600000 2.21925e-94 
9.800000 7.700000 0 
9.800000 7.800000 0 
9.800000 7.900000 0 
9.800000 8.000000 0 

10.100000 2.500000 2.48929e-51 
10.100000 2.600000 3.75357e-49 
10.100000 2.700000 3.82604e-47 
10.100000 2.800000 2.65668e-45 
10.100000 2.900000 1.26349e-43 
10.100000 3.000000 4.12952e-42 
10.100000 3.100000 9.29333e-41 
10.100000 3.200000 1.44217e-39 
10.100000 3.300000 1.54708e-38 
10.100000 3.400000 1.15376e-37 
10.100000 3.500000 6.05138e-37 
10.100000 3.600000 2.27718e-36 
10.100000 3.700000 6.32471e-36 
10.100000 3.800000 1.33857e-35 
10.100000 3.900000 2.21826e-35 
10.100000 4.000000 2.92754e-35 
10.100000 4.100000 3.10175e-35 
10.100000 4.200000 2.64828e-35 
10.100000 4.300000 1.82703e-35 
10.100000 4.400000 1.02139e-35 
10.100000 4.500000 4.64283e-36 
10.100000 4.600000 1.72307e-36 
10.100000 4.700000 5.2464e-37 
10.100000 4.800000 1.3176e-37 
10.100000 4.900000 2.74467e-38 
10.100000 5.000000 4.76867e-39 
10.100000 5.100000 6.95731e-40 
10.100000 5.200000 8.5856e-41 
10.100000 5.300000 8.92595e-42 
10.100000 5.400000 7.58586e-43 
10.100000 5.500000 5.03874e-44 
10.100000 5.600000 2.54306e-45 
10.100000 5.700000 9.77838e-47 
10.100000 5.800000 2.90866e-48 
10.100000 5.900000 6.70897e-50 
10.100000 6.000000 1.21085e-51 
10.100000 6.100000 1.81487e-53 
10.100000 6.200000 2.36954e-55 
10.100000 6.300000 2.47668e-57 
10.100000 6.400000 1.79431e-59 
10.100000 6.500000 8.1716e-62 
10.100000 6.600000 2.22095e-64 
10.100000 6.700000 3.48759e-67 
10.100000 6.800000 3.08504e-70 
10.100000 6.900000 1.51628e-73 
10.100000 7.000000 4.36999e-77 
10.100000 7.100000 6.42715e-81 
10.100000 7.200000 4.35002e-84 
10.100000 7.300000 2.46552e-87 
10.100000 7.400000 7.30769e-91 
10.100000 7.500000 6.88514e-94 
10.100000 7.600000 0 
10.100000 7.700000 0 
10.100000 7.800000 0 
10.100000 7.900000 0 
10.100000 8.000000 0 

10.400000 2.500000 5.03908e-51 
10.400000 2.600000 7.54042e-49 
10.400000 2.700000 7.57464e-47 
10.400000 2.800000 5.14497e-45 
10.400000 2.900000 2.37456e-43 
10.400000 3.000000 7.46804e-42 
10.400000 3.100000 1.60309e-40 
10.400000 3.200000 2.35214e-39 
10.400000 3.300000 2.36612e-38 
10.400000 3.400000 1.64351e-37 
10.400000 3.500000 7.99484e-37 
10.400000 3.600000 2.78792e-36 
10.400000 3.700000 7.19033e-36 
10.400000 3.800000 1.41687e-35 
10.400000 3.900000 2.18723e-35 
10.400000 4.000000 2.68246e-35 
10.400000 4.100000 2.63004e-35 
10.400000 4.200000 2.0682e-35 
10.400000 4.300000 1.30808e-35 
10.400000 4.400000 6.67495e-36 
10.400000 4.500000 2.75861e-36 
10.400000 4.600000 9.27645e-37 
10.400000 4.700000 2.55173e-37 
10.400000 4.800000 5.77494e-38 
10.400000 4.900000 1.08152e-38 
10.400000 5.000000 1.68631e-39 
10.400000 5.100000 2.20616e-40 
10.400000 5.200000 2.43341e-41 
10.400000 5.300000 2.22745e-42 
10.400000 5.400000 1.62184e-43 
10.400000 5.500000 9.00265e-45 
10.400000 5.600000 3.7593e-46 
10.400000 5.700000 1.19702e-47 
10.400000 5.800000 2.93652e-49 
10.400000 5.900000 5.54057e-51 
10.400000 6.000000 8.31741e-53 
10.400000 6.100000 1.0711e-54 
10.400000 6.200000 1.1632e-56 
10.400000 6.300000 9.24493e-59 
10.400000 6.400000 4.72656e-61 
10.400000 6.500000 1.44799e-63 
10.400000 6.600000 2.5544e-66 
10.400000 6.700000 2.52125e-69 
10.400000 6.800000 1.36286e-72 
10.400000 6.900000 4.08019e-76 
10.400000 7.000000 3.22665e-80 
10.400000 7.100000 2.28203e-83 
10.400000 7.200000 1.06905e-86 
10.400000 7.300000 2.81171e-90 
10.400000 7.400000 2.78992e-93 
10.400000 7.500000 3.23496e-96 
10.400000 7.600000 0 
10.400000 7.700000 0 
10.400000 7.800000 0 
10.400000 7.900000 0 
10.400000 8.000000 0 

10.700000 2.500000 9.9979e-51 
10.700000 2.600000 1.48282e-48 
10.700000 2.700000 1.46602e-46 
10.700000 2.800000 9.72679e-45 
10.700000 2.900000 4.34983e-43 
10.700000 3.000000 1.3143e-41 
10.700000 3.100000 2.68669e-40 
10.700000 3.200000 3.72142e-39 
10.700000 3.300000 3.50606e-38 
10.700000 3.400000 2.26672e-37 
10.700000 3.500000 1.02291e-36 
10.700000 3.600000 3.30957e-36 
10.700000 3.700000 7.93995e-36 
10.700000 3.800000 1.45862e-35 
10.700000 3.900000 2.09819e-35 
10.700000 4.000000 2.39024e-35 
10.700000 4.100000 2.16715e-35 
10.700000 4.200000 1.56854e-35 
10.700000 4.300000 9.08952e-36 
10.700000 4.400000 4.23195e-36 
10.700000 4.500000 1.58986e-36 
10.700000 4.600000 4.84442e-37 
10.700000 4.700000 1.20423e-37 
10.700000 4.800000 2.457e-38 
10.700000 4.900000 4.13932e-39 
10.700000 5.000000 5.79812e-40 
10.700000 5.100000 6.80876e-41 
10.700000 5.200000 6.69155e-42 
10.700000 5.300000 5.33983e-43 
10.700000 5.400000 3.29408e-44 
10.700000 5.500000 1.52076e-45 
10.700000 5.600000 5.26585e-47 
10.700000 5.700000 1.39088e-48 
10.700000 5.800000 2.8047e-50 
10.700000 5.900000 4.35047e-52 
10.700000 6.000000 5.54718e-54 
10.700000 6.100000 6.11947e-56 
10.700000 6.200000 5.29174e-58 
10.700000 6.300000 3.06809e-60 
10.700000 6.400000 1.07963e-62 
10.700000 6.500000 2.18825e-65 
10.700000 6.600000 2.47117e-68 
10.700000 6.700000 1.51447e-71 
10.700000 6.800000 4.98485e-75 
10.700000 6.900000 1.69898e-78 
10.700000 7.000000 1.52371e-82 
10.700000 7.100000 6.99907e-86 
10.700000 7.200000 1.34048e-89 
10.700000 7.300000 1.38662e-92 
10.700000 7.400000 6.71101e-96 
10.700000 7.500000 0 
10.700000 7.600000 0 
10.700000 7.700000 0 
10.700000 7.800000 0 
10.700000 7.900000 0 
10.700000 8.000000 0 

11.000000 2.500000 1.94589e-50 
11.000000 2.600000 2.85696e-48 
11.000000 2.700000 2.77635e-46 
11.000000 2.800000 1.79684e-44 
11.000000 2.900000 7.77446e-43 
11.000000 3.000000 2.25328e-41 
11.000000 3.100000 4.37954e-40 
11.000000 3.200000 5.71851e-39 
11.000000 3.300000 5.04031e-38 
11.000000 3.400000 3.03176e-37 
11.000000 3.500000 1.26987e-36 
11.000000 3.600000 3.81743e-36 
11.000000 3.700000 8.53309e-36 
11.000000 3.800000 1.46284e-35 
11.000000 3.900000 1.96089e-35 
11.000000 4.000000 2.07383e-35 
11.000000 4.100000 1.73758e-35 
11.000000 4.200000 1.15678e-35 
11.000000 4.300000 6.13878e-36 
11.000000 4.400000 2.60695e-36 
11.000000 4.500000 8.90215e-37 
11.000000 4.600000 2.45833e-37 
11.000000 4.700000 5.52443e-38 
11.000000 4.800000 1.01665e-38 
11.000000 4.900000 1.54185e-39 
11.000000 5.000000 1.94263e-40 
11.000000 5.100000 2.04736e-41 
11.000000 5.200000 1.78183e-42 
11.000000 5.300000 1.22574e-43 
11.000000 5.400000 6.3516e-45 
11.000000 5.500000 2.43659e-46 
11.000000 5.600000 7.01919e-48 
11.000000 5.700000 1.53584e-49 
11.000000 5.800000 2.54068e-51 
11.000000 5.900000 3.28655e-53 
11.000000 6.000000 3.6162e-55 
11.000000 6.100000 3.32607e-57 
11.000000 6.200000 2.18774e-59 
11.000000 6.300000 8.97304e-62 
11.000000 6.400000 2.13318e-64 
11.000000 6.500000 2.82119e-67 
11.000000 6.600000 2.01387e-70 
11.000000 6.700000 7.59706e-74 
11.000000 6.800000 1.43768e-77 
11.000000 6.900000 1.26213e-81 
11.000000 7.000000 6.15676e-85 
11.000000 7.100000 7.7478e-89 
11.000000 7.200000 8.63787e-92 
11.000000 7.300000 6.00214e-95 
11.000000 7.400000 0 
11.000000 7.500000 0 
11.000000 7.600000 0 
11.000000 7.700000 0 
11.000000 7.800000 0 
11.000000 7.900000 0 
11.000000 8.000000 0 

11.300000 2.500000 3.71804e-50 
11.300000 2.600000 5.39753e-48 
11.300000 2.700000 5.14915e-46 
11.300000 2.800000 3.24625e-44 
11.300000 2.900000 1.35698e-42 
11.300000 3.000000 3.76691e-41 
11.300000 3.100000 6.95096e-40 
11.300000 3.200000 8.54455e-39 
11.300000 3.300000 7.0393e-38 
11.300000 3.400000 3.93862e-37 
11.300000 3.500000 1.53239e-36 
11.300000 3.600000 4.28658e-36 
11.300000 3.700000 8.94074e-36 
11.300000 3.800000 1.43127e-35 
11.300000 3.900000 1.78746e-35 
11.300000 4.000000 1.75398e-35 
11.300000 4.100000 1.35718e-35 
11.300000 4.200000 8.30619e-36 
11.300000 4.300000 4.03495e-36 
11.300000 4.400000 1.5626e-36 
11.300000 4.500000 4.8502e-37 
11.300000 4.600000 1.21419e-37 
11.300000 4.700000 2.46774e-38 
11.300000 4.800000 4.09816e-39 
11.300000 4.900000 5.60013e-40 
11.300000 5.000000 6.35381e-41 
11.300000 5.100000 5.9969e-42 
11.300000 5.200000 4.58198e-43 
11.300000 5.300000 2.68803e-44 
11.300000 5.400000 1.1641e-45 
11.300000 5.500000 3.71853e-47 
11.300000 5.600000 8.92724e-49 
11.300000 5.700000 1.61223e-50 
11.300000 5.800000 2.19638e-52 
11.300000 5.900000 2.41829e-54 
11.300000 6.000000 2.29079e-56 
11.300000 6.100000 1.68472e-58 
11.300000 6.200000 8.11505e-61 
11.300000 6.300000 2.3025e-63 
11.300000 6.400000 3.64388e-66 
11.300000 6.500000 3.10505e-69 
11.300000 6.600000 1.38619e-72 
11.300000 6.700000 3.17302e-76 
11.300000 6.800000 1.26376e-80 
11.300000 6.900000 6.77385e-84 
11.300000 7.000000 2.78332e-87 
11.300000 7.100000 6.49914e-91 
11.300000 7.200000 4.64477e-94 
11.300000 7.300000 0 
11.300000 7.400000 0 
11.300000 7.500000 0 
11.300000 7.600000 0 
11.300000 7.700000 0 
11.300000 7.800000 0 
11.300000 7.900000 0 
11.300000 8.000000 0 

11.600000 2.500000 6.97934e-50 
11.600000 2.600000 1.00067e-47 
11.600000 2.700000 9.35969e-46 
11.600000 2.800000 5.74044e-44 
11.600000 2.900000 2.31501e-42 
11.600000 3.000000 6.14614e-41 
11.600000 3.100000 1.07521e-39 
11.600000 3.200000 1.24281e-38 
11.600000 3.300000 9.56299e-38 
11.600000 3.400000 4.97743e-37 
11.600000 3.500000 1.80059e-36 
11.600000 3.600000 4.69417e-36 
11.600000 3.700000 9.14729e-36 
11.600000 3.800000 1.36788e-35 
11.600000 3.900000 1.59101e-35 
11.600000 4.000000 1.44766e-35 
11.600000 4.100000 1.03386e-35 
11.600000 4.200000 5.81382e-36 
11.600000 4.300000 2.58441e-36 
11.600000 4.400000 9.12605e-37 
11.600000 4.500000 2.57522e-37 
11.600000 4.600000 5.84614e-38 
11.600000 4.700000 1.07504e-38 
11.600000 4.800000 1.61208e-39 
11.600000 4.900000 1.98704e-40 
11.600000 5.000000 2.03106e-41 
11.600000 5.100000 1.70889e-42 
11.600000 5.200000 1.13446e-43 
11.600000 5.300000 5.62619e-45 
11.600000 5.400000 2.03336e-46 
11.600000 5.500000 5.42585e-48 
11.600000 5.600000 1.0844e-49 
11.600000 5.700000 1.61157e-51 
11.600000 5.800000 1.83087e-53 
11.600000 5.900000 1.74462e-55 
11.600000 6.000000 1.38834e-57 
11.600000 6.100000 7.81859e-60 
11.600000 6.200000 2.68145e-62 
11.600000 6.300000 5.17581e-65 
11.600000 6.400000 5.38318e-68 
11.600000 6.500000 2.92171e-71 
11.600000 6.600000 8.11564e-75 
11.600000 6.700000 1.49157e-79 
11.600000 6.800000 9.04976e-83 
11.600000 6.900000 3.18125e-86 
11.600000 7.000000 5.77664e-90 
11.600000 7.100000 4.65461e-93 
11.600000 7.200000 0 
11.600000 7.300000 0 
11.600000 7.400000 0 
11.600000 7.500000 0 
11.600000 7.600000 0 
11.600000 7.700000 0 
11.600000 7.800000 0 
11.600000 7.900000 0 
11.600000 8.000000 0 

11.900000 2.500000 1.28799e-49 
11.900000 2.600000 1.82176e-47 
11.900000 2.700000 1.66868e-45 
11.900000 2.800000 9.94326e-44 
11.900000 2.900000 3.8633e-42 
11.900000 3.000000 9.79573e-41 
11.900000 3.100000 1.6225e-39 
11.900000 3.200000 1.76154e-38 
11.900000 3.300000 1.26528e-37 
11.900000 3.400000 6.12797e-37 
11.900000 3.500000 2.06352e-36 
11.900000 3.600000 5.0212e-36 
11.900000 3.700000 9.15046e-36 
11.900000 3.800000 1.27836e-35 
11.900000 3.900000 1.38419e-35 
11.900000 4.000000 1.16716e-35 
11.900000 4.100000 7.68888e-36 
11.900000 4.200000 3.97121e-36 
11.900000 4.300000 1.61503e-36 
11.900000 4.400000 5.20004e-37 
11.900000 4.500000 1.33429e-37 
11.900000 4.600000 2.74789e-38 
11.900000 4.700000 4.5742e-39 
11.900000 4.800000 6.19786e-40 
11.900000 4.900000 6.899e-41 
11.900000 5.000000 6.34734e-42 
11.900000 5.100000 4.72667e-43 
11.900000 5.200000 2.69825e-44 
11.900000 5.300000 1.12465e-45 
11.900000 5.400000 3.39698e-47 
11.900000 5.500000 7.5886e-49 
11.900000 5.600000 1.25802e-50 
11.900000 5.700000 1.54114e-52 
11.900000 5.800000 1.48834e-54 
11.900000 5.900000 1.22919e-56 
11.900000 6.000000 7.90451e-59 
11.900000 6.100000 3.28821e-61 
11.900000 6.200000 7.86387e-64 
11.900000 6.300000 1.01873e-66 
11.900000 6.400000 6.88373e-70 
11.900000 6.500000 2.35611e-73 
11.900000 6.600000 4.21119e-77 
11.900000 6.700000 1.42537e-81 
11.900000 6.800000 5.70832e-85 
11.900000 6.900000 5.92355e-89 
11.900000 7.000000 5.43197e-92 
11.900000 7.100000 3.09452e-95 
11.900000 7.200000 0 
11.900000 7.300000 0 
11.900000 7.400000 0 
11.900000 7.500000 0 
11.900000 7.600000 0 
11.900000 7.700000 0 
11.900000 7.800000 0 
11.900000 7.900000 0 
11.900000 8.000000 0 

12.200000 2.500000 2.33818e-49 
12.200000 2.600000 3.25903e-47 
12.200000 2.700000 2.91988e-45 
12.200000 2.800000 1.68829e-43 
12.200000 2.900000 6.31131e-42 
12.200000 3.000000 1.5263e-40 
12.200000 3.100000 2.39056e-39 
12.200000 3.200000 2.43553e-38 
12.200000 3.300000 1.63244e-37 
12.200000 3.400000 7.36028e-37 
12.200000 3.500000 2.31005e-36 
12.200000 3.600000 5.25392e-36 
12.200000 3.700000 8.96057e-36 
12.200000 3.800000 1.16939e-35 
12.200000 3.900000 1.17813e-35 
12.200000 4.000000 9.20075e-36 
12.200000 4.100000 5.5884e-36 
12.200000 4.200000 2.64999e-36 
12.200000 4.300000 9.85806e-37 
12.200000 4.400000 2.89445e-37 
12.200000 4.500000 6.75531e-38 
12.200000 4.600000 1.26263e-38 
12.200000 4.700000 1.90352e-39 
12.200000 4.800000 2.33261e-40 
12.200000 4.900000 2.34701e-41 
12.200000 5.000000 1.93787e-42 
12.200000 5.100000 1.26576e-43 
12.200000 5.200000 6.1565e-45 
12.200000 5.300000 2.15106e-46 
12.200000 5.400000 5.44666e-48 
12.200000 5.500000 1.01838e-49 
12.200000 5.600000 1.39478e-51 
12.200000 5.700000 1.42183e-53 
12.200000 5.800000 1.18889e-55 
12.200000 5.900000 8.34776e-58 
12.200000 6.000000 4.16301e-60 
12.200000 6.100000 1.24507e-62 
12.200000 6.200000 2.04404e-65 
12.200000 6.300000 1.75602e-68 
12.200000 6.400000 7.62701e-72 
12.200000 6.500000 1.64864e-75 
12.200000 6.600000 2.5706e-80 
12.200000 6.700000 1.19098e-83 
12.200000 6.800000 3.40403e-87 
12.200000 6.900000 7.28178e-91 
12.200000 7.000000 4.53592e-94 
12.200000 7.100000 0 
12.200000 7.200000 0 
12.200000 7.300000 0 
12.200000 7.400000 0 
12.200000 7.500000 0 
12.200000 7.600000 0 
12.200000 7.700000 0 
12.200000 7.800000 0 
12.200000 7.900000 0 
12.200000 8.000000 0 

12.500000 2.500000 4.17807e-49 
12.500000 2.600000 5.73257e-47 
12.500000 2.700000 5.01787e-45 
12.500000 2.800000 2.81182e-43 
12.500000 2.900000 1.01005e-41 
12.500000 3.000000 2.32673e-40 
12.500000 3.100000 3.44201e-39 
12.500000 3.200000 3.28801e-38 
12.500000 3.300000 2.05612e-37 
12.500000 3.400000 8.6363e-37 
12.500000 3.500000 2.52972e-36 
12.500000 3.600000 5.38445e-36 
12.500000 3.700000 8.59837e-36 
12.500000 3.800000 1.04797e-35 
12.500000 3.900000 9.81854e-36 
12.500000 4.000000 7.09805e-36 
12.500000 4.100000 3.97319e-36 
12.500000 4.200000 1.72933e-36 
12.500000 4.300000 5.88414e-37 
12.500000 4.400000 1.5757e-37 
12.500000 4.500000 3.34617e-38 
12.500000 4.600000 5.67872e-39 
12.500000 4.700000 7.75785e-40 
12.500000 4.800000 8.60659e-41 
12.500000 4.900000 7.82849e-42 
12.500000 5.000000 5.77084e-43 
12.500000 5.100000 3.27376e-44 
12.500000 5.200000 1.34742e-45 
12.500000 5.300000 3.94832e-47 
12.500000 5.400000 8.4038e-49 
12.500000 5.500000 1.31105e-50 
12.500000 5.600000 1.48212e-52 
12.500000 5.700000 1.27848e-54 
12.500000 5.800000 9.32334e-57 
12.500000 5.900000 5.37688e-59 
12.500000 6.000000 2.00748e-61 
12.500000 6.100000 4.23092e-64 
12.500000 6.200000 4.70721e-67 
12.500000 6.300000 2.65304e-70 
12.500000 6.400000 7.34075e-74 
12.500000 6.500000 1.30683e-77 
12.500000 6.600000 2.86477e-82 
12.500000 6.700000 8.88745e-86 
12.500000 6.800000 1.09386e-89 
12.500000 6.900000 7.7613e-93 
12.500000 7.000000 0 
12.500000 7.100000 0 
12.500000 7.200000 0 
12.500000 7.300000 0 
12.500000 7.400000 0 
12.500000 7.500000 0 
12.500000 7.600000 0 
12.500000 7.700000 0 
12.500000 7.800000 0 
12.500000 7.900000 0 
12.500000 8.000000 0 

12.800000 2.500000 7.3526e-49 
12.800000 2.600000 9.92021e-47 
12.800000 2.700000 8.47413e-45 
12.800000 2.800000 4.59651e-43 
12.800000 2.900000 1.5846e-41 
12.800000 3.000000 3.47271e-40 
12.800000 3.100000 4.84702e-39 
12.800000 3.200000 4.33837e-38 
12.800000 3.300000 2.53112e-37 
12.800000 3.400000 9.91255e-37 
12.800000 3.500000 2.71356e-36 
12.800000 3.600000 5.41095e-36 
12.800000 3.700000 8.09238e-36 
12.800000 3.800000 9.20801e-36 
12.800000 3.900000 8.01868e-36 
12.800000 4.000000 5.36347e-36 
12.800000 4.100000 2.76577e-36 
12.800000 4.200000 1.1047e-36 
12.800000 4.300000 3.43814e-37 
12.800000 4.400000 8.39914e-38 
12.800000 4.500000 1.62358e-38 
12.800000 4.600000 2.50283e-39 
12.800000 4.700000 3.10034e-40 
12.800000 4.800000 3.11739e-41 
12.800000 4.900000 2.56023e-42 
12.800000 5.000000 1.67261e-43 
12.800000 5.100000 8.16374e-45 
12.800000 5.200000 2.83188e-46 
12.800000 5.300000 6.97619e-48 
12.800000 5.400000 1.24932e-49 
12.800000 5.500000 1.619e-51 
12.800000 5.600000 1.51863e-53 
12.800000 5.700000 1.13035e-55 
12.800000 5.800000 7.10898e-58 
12.800000 5.900000 3.23845e-60 
12.800000 6.000000 8.80709e-63 
12.800000 6.100000 1.28825e-65 
12.800000 6.200000 9.60674e-69 
12.800000 6.300000 3.5174e-72 
12.800000 6.400000 6.10528e-76 
12.800000 6.500000 7.66902e-81 
12.800000 6.600000 2.84128e-84 
12.800000 6.700000 1.01884e-87 
12.800000 6.800000 1.54298e-91 
12.800000 6.900000 8.53166e-95 
12.800000 7.000000 0 
12.800000 7.100000 0 
12.800000 7.200000 0 
12.800000 7.300000 0 
12.800000 7.400000 0 
12.800000 7.500000 0 
12.800000 7.600000 0 
12.800000 7.700000 0 
12.800000 7.800000 0 
12.800000 7.900000 0 
12.800000 8.000000 0 

13.100000 2.500000 1.27497e-48 
13.100000 2.600000 1.68982e-46 
13.100000 2.700000 1.40715e-44 
13.100000 2.800000 7.37948e-43 
13.100000 2.900000 2.43851e-41 
13.100000 3.000000 5.07819e-40 
13.100000 3.100000 6.68079e-39 
13.100000 3.200000 5.59981e-38 
13.100000 3.300000 3.04868e-37 
13.100000 3.400000 1.11431e-36 
13.100000 3.500000 2.85459e-36 
13.100000 3.600000 5.33722e-36 
13.100000 3.700000 7.47601e-36 
13.100000 3.800000 7.93844e-36 
13.100000 3.900000 6.42228e-36 
13.100000 4.000000 3.97272e-36 
13.100000 4.100000 1.88667e-36 
13.100000 4.200000 6.91437e-37 
13.100000 4.300000 1.96853e-37 
13.100000 4.400000 4.38848e-38 
13.100000 4.500000 7.72487e-39 
13.100000 4.600000 1.08218e-39 
13.100000 4.700000 1.21651e-40 
13.100000 4.800000 1.10954e-41 
13.100000 4.900000 8.20235e-43 
13.100000 5.000000 4.70788e-44 
13.100000 5.100000 1.96142e-45 
13.100000 5.200000 5.7276e-47 
13.100000 5.300000 1.18984e-48 
13.100000 5.400000 1.78965e-50 
13.100000 5.500000 1.92005e-52 
13.100000 5.600000 1.51363e-54 
13.100000 5.700000 9.85246e-57 
13.100000 5.800000 5.1973e-59 
13.100000 5.900000 1.80491e-61 
13.100000 6.000000 3.50418e-64 
13.100000 6.100000 3.51354e-67 
13.100000 6.200000 1.73853e-70 
13.100000 6.300000 4.10388e-74 
13.100000 6.400000 6.19429e-78 
13.100000 6.500000 1.01155e-82 
13.100000 6.600000 2.5755e-86 
13.100000 6.700000 3.30879e-90 
13.100000 6.800000 1.9382e-93 
13.100000 6.900000 0 
13.100000 7.000000 0 
13.100000 7.100000 0 
13.100000 7.200000 0 
13.100000 7.300000 0 
13.100000 7.400000 0 
13.100000 7.500000 0 
13.100000 7.600000 0 
13.100000 7.700000 0 
13.100000 7.800000 0 
13.100000 7.900000 0 
13.100000 8.000000 0 

13.400000 2.500000 2.17952e-48 
13.400000 2.600000 2.83484e-46 
13.400000 2.700000 2.2987e-44 
13.400000 2.800000 1.16419e-42 
13.400000 2.900000 3.68315e-41 
13.400000 3.000000 7.28035e-40 
13.400000 3.100000 9.0198e-39 
13.400000 3.200000 7.07723e-38 
13.400000 3.300000 3.59672e-37 
13.400000 3.400000 1.22828e-36 
13.400000 3.500000 2.94822e-36 
13.400000 3.600000 5.17186e-36 
13.400000 3.700000 6.78437e-36 
13.400000 3.800000 6.71987e-36 
13.400000 3.900000 5.048e-36 
13.400000 4.000000 2.88671e-36 
13.400000 4.100000 1.26221e-36 
13.400000 4.200000 4.24418e-37 
13.400000 4.300000 1.10553e-37 
13.400000 4.400000 2.24982e-38 
13.400000 4.500000 3.60789e-39 
13.400000 4.600000 4.59539e-40 
13.400000 4.700000 4.69241e-41 
13.400000 4.800000 3.88247e-42 
13.400000 4.900000 2.57039e-43 
13.400000 5.000000 1.28431e-44 
13.400000 5.100000 4.54112e-46 
13.400000 5.200000 1.1177e-47 
13.400000 5.300000 1.96233e-49 
13.400000 5.400000 2.46905e-51 
13.400000 5.500000 2.19472e-53 
13.400000 5.600000 1.48084e-55 
13.400000 5.700000 8.42163e-58 
13.400000 5.800000 3.59404e-60 
13.400000 5.900000 9.24857e-63 
13.400000 6.000000 1.26229e-65 
13.400000 6.100000 8.58486e-69 
13.400000 6.200000 2.79157e-72 
13.400000 6.300000 4.30829e-76 
13.400000 6.400000 3.88998e-81 
13.400000 6.500000 1.20253e-84 
13.400000 6.600000 7.52153e-89 
13.400000 6.700000 5.42884e-92 
13.400000 6.800000 2.18122e-95 
13.400000 6.900000 0 
13.400000 7.000000 0 
13.400000 7.100000 0 
13.400000 7.200000 0 
13.400000 7.300000 0 
13.400000 7.400000 0 
13.400000 7.500000 0 
13.400000 7.600000 0 
13.400000 7.700000 0 
13.400000 7.800000 0 
13.400000 7.900000 0 
13.400000 8.000000 0 

13.700000 2.500000 3.67477e-48 
13.700000 2.600000 4.68591e-46 
13.700000 2.700000 3.6961e-44 
13.700000 2.800000 1.80573e-42 
13.700000 2.900000 5.46328e-41 
13.700000 3.000000 1.02394e-39 
13.700000 3.100000 1.19372e-38 
13.700000 3.200000 8.76551e-38 
13.700000 3.300000 4.16054e-37 
13.700000 3.400000 1.32904e-36 
13.700000 3.500000 2.9924e-36 
13.700000 3.600000 4.92729e-36 
13.700000 3.700000 6.05183e-36 
13.700000 3.800000 5.58885e-36 
13.700000 3.900000 3.89669e-36 
13.700000 4.000000 2.05924e-36 
13.700000 4.100000 8.28843e-37 
13.700000 4.200000 2.55712e-37 
13.700000 4.300000 6.09566e-38 
13.700000 4.400000 1.13285e-38 
13.700000 4.500000 1.65569e-39 
13.700000 4.600000 1.91846e-40 
13.700000 4.700000 1.78125e-41 
13.700000 4.800000 1.33556e-42 
13.700000 4.900000 7.86341e-44 
13.700000 5.000000 3.39099e-45 
13.700000 5.100000 1.01444e-46 
13.700000 5.200000 2.11013e-48 
13.700000 5.300000 3.13132e-50 
13.700000 5.400000 3.28025e-52 
13.700000 5.500000 2.43332e-54 
13.700000 5.600000 1.43059e-56 
13.700000 5.700000 6.98237e-59 
13.700000 5.800000 2.32616e-61 
13.700000 5.900000 4.34096e-64 
13.700000 6.000000 4.11458e-67 
13.700000 6.100000 1.87994e-70 
13.700000 6.200000 3.99013e-74 
13.700000 6.300000 6.93842e-78 
13.700000 6.400000 6.13974e-83 
13.700000 6.500000 1.38835e-86 
13.700000 6.600000 1.61377e-90 
13.700000 6.700000 8.30062e-94 
13.700000 6.800000 0 
13.700000 6.900000 0 
13.700000 7.000000 0 
13.700000 7.100000 0 
13.700000 7.200000 0 
13.700000 7.300000 0 
13.700000 7.400000 0 
13.700000 7.500000 0 
13.700000 7.600000 0 
13.700000 7.700000 0 
13.700000 7.800000 0 
13.700000 7.900000 0 
13.700000 8.000000 0 

14.000000 2.500000 6.11351e-48 
14.000000 2.600000 7.63545e-46 
14.000000 2.700000 5.85233e-44 
14.000000 2.800000 2.75507e-42 
14.000000 2.900000 7.9627e-41 
14.000000 3.000000 1.41365e-39 
14.000000 3.100000 1.54971e-38 
14.000000 3.200000 1.06484e-37 
14.000000 3.300000 4.72356e-37 
14.000000 3.400000 1.4131e-36 
14.000000 3.500000 2.98746e-36 
14.000000 3.600000 4.61852e-36 
14.000000 3.700000 5.30965e-36 
14.000000 3.800000 4.56974e-36 
14.000000 3.900000 2.95595e-36 
14.000000 4.000000 1.44314e-36 
14.000000 4.100000 5.34628e-37 
14.000000 4.200000 1.51351e-37 
14.000000 4.300000 3.30272e-38 
14.000000 4.400000 5.60749e-39 
14.000000 4.500000 7.47225e-40 
14.000000 4.600000 7.88181e-41 
14.000000 4.700000 6.65986e-42 
14.000000 4.800000 4.51289e-43 
14.000000 4.900000 2.34397e-44 
14.000000 5.000000 8.66069e-46 
14.000000 5.100000 2.19059e-47 
14.000000 5.200000 3.8626e-49 
14.000000 5.300000 4.83277e-51 
14.000000 5.400000 4.20273e-53 
14.000000 5.500000 2.63852e-55 
14.000000 5.600000 1.36441e-57 
14.000000 5.700000 5.54512e-60 
14.000000 5.800000 1.39906e-62 
14.000000 5.900000 1.8632e-65 
14.000000 6.000000 1.21364e-68 
14.000000 6.100000 3.69151e-72 
14.000000 6.200000 5.21403e-76 
14.000000 6.300000 3.27273e-81 
14.000000 6.400000 8.84495e-85 
14.000000 6.500000 4.92148e-89 
14.000000 6.600000 3.12877e-92 
14.000000 6.700000 2.01946e-95 
14.000000 6.800000 0 
14.000000 6.900000 0 
14.000000 7.000000 0 
14.000000 7.100000 0 
14.000000 7.200000 0 
14.000000 7.300000 0 
14.000000 7.400000 0 
14.000000 7.500000 0 
14.000000 7.600000 0 
14.000000 7.700000 0 
14.000000 7.800000 0 
14.000000 7.900000 0 
14.000000 8.000000 0 

14.300000 2.500000 1.00397e-47 
14.300000 2.600000 1.22697e-45 
14.300000 2.700000 9.12924e-44 
14.300000 2.800000 4.13685e-42 
14.300000 2.900000 1.14095e-40 
14.300000 3.000000 1.91693e-39 
14.300000 3.100000 1.97489e-38 
14.300000 3.200000 1.26983e-37 
14.300000 3.300000 5.26845e-37 
14.300000 3.400000 1.47781e-36 
14.300000 3.500000 2.93595e-36 
14.300000 3.600000 4.26187e-36 
14.300000 3.700000 4.58457e-36 
14.300000 3.800000 3.67556e-36 
14.300000 3.900000 2.20494e-36 
14.300000 4.000000 9.9425e-37 
14.300000 4.100000 3.3899e-37 
14.300000 4.200000 8.80729e-38 
14.300000 4.300000 1.75991e-38 
14.300000 4.400000 2.73098e-39 
14.300000 4.500000 3.31932e-40 
14.300000 4.600000 3.18997e-41 
14.300000 4.700000 2.45378e-42 
14.300000 4.800000 1.49597e-43 
14.300000 4.900000 6.79632e-45 
14.300000 5.000000 2.14024e-46 
14.300000 5.100000 4.58347e-48 
14.300000 5.200000 6.86399e-50 
14.300000 5.300000 7.2093e-52 
14.300000 5.400000 5.21158e-54 
14.300000 5.500000 2.81954e-56 
14.300000 5.600000 1.27627e-58 
14.300000 5.700000 4.1719e-61 
14.300000 5.800000 7.78443e-64 
14.300000 5.900000 7.30454e-67 
14.300000 6.000000 3.24e-70 
14.300000 6.100000 6.51559e-74 
14.300000 6.200000 9.17744e-78 
14.300000 6.300000 6.22764e-83 
14.300000 6.400000 1.14603e-86 
14.300000 6.500000 1.24197e-90 
14.300000 6.600000 5.06081e-94 
14.300000 6.700000 0 
14.300000 6.800000 0 
14.300000 6.900000 0 
14.300000 7.000000 0 
14.300000 7.100000 0 
14.300000 7.200000 0 
14.300000 7.300000 0 
14.300000 7.400000 0 
14.300000 7.500000 0 
14.300000 7.600000 0 
14.300000 7.700000 0 
14.300000 7.800000 0 
14.300000 7.900000 0 
14.300000 8.000000 0 

14.600000 2.500000 1.62814e-47 
14.600000 2.600000 1.94523e-45 
14.600000 2.700000 1.4036e-43 
14.600000 2.800000 6.11594e-42 
14.600000 2.900000 1.60801e-40 
14.600000 3.000000 2.55455e-39 
14.600000 3.100000 2.47211e-38 
14.600000 3.200000 1.48769e-37 
14.600000 3.300000 5.7781e-37 
14.600000 3.400000 1.52142e-36 
14.600000 3.500000 2.84226e-36 
14.600000 3.600000 3.8739e-36 
14.600000 3.700000 3.89775e-36 
14.600000 3.800000 2.90978e-36 
14.600000 3.900000 1.61829e-36 
14.600000 4.000000 6.73838e-37 
14.600000 4.100000 2.11443e-37 
14.600000 4.200000 5.04269e-38 
14.600000 4.300000 9.23072e-39 
14.600000 4.400000 1.30963e-39 
14.600000 4.500000 1.45254e-40 
14.600000 4.600000 1.27302e-41 
14.600000 4.700000 8.90895e-43 
14.600000 4.800000 4.85702e-44 
14.600000 4.900000 1.91441e-45 
14.600000 5.000000 5.1229e-47 
14.600000 5.100000 9.31427e-49 
14.600000 5.200000 1.18454e-50 
14.600000 5.300000 1.03934e-52 
14.600000 5.400000 6.29157e-55 
14.600000 5.500000 2.98254e-57 
14.600000 5.600000 1.15866e-59 
14.600000 5.700000 2.94925e-62 
14.600000 5.800000 3.9977e-65 
14.600000 5.900000 2.61578e-68 
14.600000 6.000000 7.8326e-72 
14.600000 6.100000 1.01836e-75 
14.600000 6.200000 4.4304e-81 
14.600000 6.300000 1.08284e-84 
14.600000 6.400000 4.91754e-89 
14.600000 6.500000 2.85699e-92 
14.600000 6.600000 0 
14.600000 6.700000 0 
14.600000 6.800000 0 
14.600000 6.900000 0 
14.600000 7.000000 0 
14.600000 7.100000 0 
14.600000 7.200000 0 
14.600000 7.300000 0 
14.600000 7.400000 0 
14.600000 7.500000 0 
14.600000 7.600000 0 
14.600000 7.700000 0 
14.600000 7.800000 0 
14.600000 7.900000 0 
14.600000 8.000000 0 

14.900000 2.500000 2.6083e-47 
14.900000 2.600000 3.04374e-45 
14.900000 2.700000 2.12782e-43 
14.900000 2.800000 8.90635e-42 
14.900000 2.900000 2.23015e-40 
14.900000 3.000000 3.34735e-39 
14.900000 3.100000 3.04167e-38 
14.900000 3.200000 1.71367e-37 
14.900000 3.300000 6.23666e-37 
14.900000 3.400000 1.54314e-36 
14.900000 3.500000 2.71218e-36 
14.900000 3.600000 3.47035e-36 
14.900000 3.700000 3.26467e-36 
14.900000 3.800000 2.26849e-36 
14.900000 3.900000 1.1693e-36 
14.900000 4.000000 4.49529e-37 
14.900000 4.100000 1.29828e-37 
14.900000 4.200000 2.84291e-38 
14.900000 4.300000 4.76905e-39 
14.900000 4.400000 6.1887e-40 
14.900000 4.500000 6.26686e-41 
14.900000 4.600000 5.01321e-42 
14.900000 4.700000 3.18589e-43 
14.900000 4.800000 1.54189e-44 
14.900000 4.900000 5.23555e-46 
14.900000 5.000000 1.18962e-47 
14.900000 5.100000 1.84162e-49 
14.900000 5.200000 1.98415e-51 
14.900000 5.300000 1.44974e-53 
14.900000 5.400000 7.44922e-56 
14.900000 5.500000 3.12005e-58 
14.900000 5.600000 1.00991e-60 
14.900000 5.700000 1.9488e-63 
14.900000 5.800000 1.89253e-66 
14.900000 5.900000 8.55653e-70 
14.900000 6.000000 1.7165e-73 
14.900000 6.100000 1.39584e-77 
14.900000 6.200000 1.02333e-82 
14.900000 6.300000 1.69351e-86 
14.900000 6.400000 1.47065e-90 
14.900000 6.500000 6.00452e-94 
14.900000 6.600000 0 
14.900000 6.700000 0 
14.900000 6.800000 0 
14.900000 6.900000 0 
14.900000 7.000000 0 
14.900000 7.100000 0 
14.900000 7.200000 0 
14.900000 7.300000 0 
14.900000 7.400000 0 
14.900000 7.500000 0 
14.900000 7.600000 0 
14.900000 7.700000 0 
14.900000 7.800000 0 
14.900000 7.900000 0 
14.900000 8.000000 0 

