2.500000 0.100000 0  
2.500000 0.400000 0  
2.500000 0.700000 2.12472e-76  
2.500000 1.000000 2.35232e-71  
2.500000 1.300000 9.91507e-68  
2.500000 1.600000 1.82899e-63  
2.500000 1.900000 2.96174e-60  
2.500000 2.200000 4.58868e-58  
2.500000 2.500000 1.74183e-56  
2.500000 2.800000 2.73109e-55  
2.500000 3.100000 2.38965e-54  
2.500000 3.400000 1.40189e-53  
2.500000 3.700000 6.19016e-53  
2.500000 4.000000 2.21529e-52  
2.500000 4.300000 6.74085e-52  
2.500000 4.600000 1.80044e-51  
2.500000 4.900000 4.31528e-51  
2.500000 5.200000 9.43284e-51  
2.500000 5.500000 1.90424e-50  
2.500000 5.800000 3.58621e-50  
2.500000 6.100000 6.3538e-50  
2.500000 6.400000 1.06663e-49  
2.500000 6.700000 1.70695e-49  
2.500000 7.000000 2.61787e-49  
2.500000 7.300000 3.86533e-49  
2.500000 7.600000 5.51659e-49  
2.500000 7.900000 7.63696e-49  
2.500000 8.200000 1.02865e-48  
2.500000 8.500000 1.35171e-48  
2.500000 8.800000 1.73704e-48  
2.500000 9.100000 2.18757e-48  
2.500000 9.400000 2.70492e-48  
2.500000 9.700000 3.28936e-48  

2.600000 0.100000 0  
2.600000 0.400000 0  
2.600000 0.700000 1.20074e-74  
2.600000 1.000000 2.37845e-69  
2.600000 1.300000 2.14584e-65  
2.600000 1.600000 6.62626e-61  
2.600000 1.900000 8.78022e-58  
2.600000 2.200000 1.14756e-55  
2.600000 2.500000 3.83813e-54  
2.600000 2.800000 5.47984e-53  
2.600000 3.100000 4.48181e-52  
2.600000 3.400000 2.50937e-51  
2.600000 3.700000 1.07393e-50  
2.600000 4.000000 3.7624e-50  
2.600000 4.300000 1.12674e-49  
2.600000 4.600000 2.96782e-49  
2.600000 4.900000 7.0148e-49  
2.600000 5.200000 1.51058e-48  
2.600000 5.500000 2.99983e-48  
2.600000 5.800000 5.54937e-48  
2.600000 6.100000 9.64483e-48  
2.600000 6.400000 1.58643e-47  
2.600000 6.700000 2.48518e-47  
2.600000 7.000000 3.72804e-47  
2.600000 7.300000 5.38089e-47  
2.600000 7.600000 7.50372e-47  
2.600000 7.900000 1.01465e-46  
2.600000 8.200000 1.33462e-46  
2.600000 8.500000 1.71242e-46  
2.600000 8.800000 2.14854e-46  
2.600000 9.100000 2.6418e-46  
2.600000 9.400000 3.18949e-46  
2.600000 9.700000 3.78745e-46  

2.700000 0.100000 0  
2.700000 0.400000 2.5501e-80  
2.700000 0.700000 6.44747e-73  
2.700000 1.000000 1.84731e-67  
2.700000 1.300000 4.10664e-63  
2.700000 1.600000 1.62722e-58  
2.700000 1.900000 1.72955e-55  
2.700000 2.200000 1.91004e-53  
2.700000 2.500000 5.64092e-52  
2.700000 2.800000 7.35285e-51  
2.700000 3.100000 5.63932e-50  
2.700000 3.400000 3.02282e-49  
2.700000 3.700000 1.25607e-48  
2.700000 4.000000 4.3061e-48  
2.700000 4.300000 1.26574e-47  
2.700000 4.600000 3.27265e-47  
2.700000 4.900000 7.58309e-47  
2.700000 5.200000 1.59792e-46  
2.700000 5.500000 3.09957e-46  
2.700000 5.800000 5.5917e-46  
2.700000 6.100000 9.4646e-46  
2.700000 6.400000 1.51451e-45  
2.700000 6.700000 2.3062e-45  
2.700000 7.000000 3.36077e-45  
2.700000 7.300000 4.71021e-45  
2.700000 7.600000 6.37619e-45  
2.700000 7.900000 8.36811e-45  
2.700000 8.200000 1.06822e-44  
2.700000 8.500000 1.33018e-44  
2.700000 8.800000 1.61986e-44  
2.700000 9.100000 1.93342e-44  
2.700000 9.400000 2.2663e-44  
2.700000 9.700000 2.61344e-44  

2.800000 0.100000 0  
2.800000 0.400000 5.42919e-79  
2.800000 0.700000 3.25493e-71  
2.800000 1.000000 1.117e-65  
2.800000 1.300000 6.75846e-61  
2.800000 1.600000 2.72844e-56  
2.800000 1.900000 2.31231e-53  
2.800000 2.200000 2.16131e-51  
2.800000 2.500000 5.6453e-50  
2.800000 2.800000 6.73277e-49  
2.800000 3.100000 4.85486e-48  
2.800000 3.400000 2.49589e-47  
2.800000 3.700000 1.00666e-46  
2.800000 4.000000 3.36702e-46  
2.800000 4.300000 9.66297e-46  
2.800000 4.600000 2.43576e-45  
2.800000 4.900000 5.49023e-45  
2.800000 5.200000 1.12292e-44  
2.800000 5.500000 2.11015e-44  
2.800000 5.800000 3.68212e-44  
2.800000 6.100000 6.02118e-44  
2.800000 6.400000 9.30017e-44  
2.800000 6.700000 1.3661e-43  
2.800000 7.000000 1.91959e-43  
2.800000 7.300000 2.59349e-43  
2.800000 7.600000 3.38404e-43  
2.800000 7.900000 4.2809e-43  
2.800000 8.200000 5.26798e-43  
2.800000 8.500000 6.32481e-43  
2.800000 8.800000 7.42797e-43  
2.800000 9.100000 8.55266e-43  
2.800000 9.400000 9.67434e-43  
2.800000 9.700000 1.07696e-42  

2.900000 0.100000 0  
2.900000 0.400000 9.33991e-78  
2.900000 0.700000 1.4848e-69  
2.900000 1.000000 5.39484e-64  
2.900000 1.300000 9.06619e-59  
2.900000 1.600000 3.16721e-54  
2.900000 1.900000 2.13784e-51  
2.900000 2.200000 1.69284e-49  
2.900000 2.500000 3.91411e-48  
2.900000 2.800000 4.27767e-47  
2.900000 3.100000 2.90463e-46  
2.900000 3.400000 1.43217e-45  
2.900000 3.700000 5.59086e-45  
2.900000 4.000000 1.8142e-44  
2.900000 4.300000 5.04479e-44  
2.900000 4.600000 1.22898e-43  
2.900000 4.900000 2.67008e-43  
2.900000 5.200000 5.25189e-43  
2.900000 5.500000 9.47386e-43  
2.900000 5.800000 1.58481e-42  
2.900000 6.100000 2.48204e-42  
2.900000 6.400000 3.66934e-42  
2.900000 6.700000 5.15679e-42  
2.900000 7.000000 6.93146e-42  
2.900000 7.300000 8.95802e-42  
2.900000 7.600000 1.1182e-41  
2.900000 7.900000 1.35352e-41  
2.900000 8.200000 1.59424e-41  
2.900000 8.500000 1.83273e-41  
2.900000 8.800000 2.06179e-41  
2.900000 9.100000 2.27515e-41  
2.900000 9.400000 2.46764e-41  
2.900000 9.700000 2.63546e-41  

3.000000 0.100000 0  
3.000000 0.400000 1.33975e-76  
3.000000 0.700000 5.84826e-68  
3.000000 1.000000 2.16171e-62  
3.000000 1.300000 9.38523e-57  
3.000000 1.600000 2.5827e-52  
3.000000 1.900000 1.38851e-49  
3.000000 2.200000 9.31391e-48  
3.000000 2.500000 1.90637e-46  
3.000000 2.800000 1.91056e-45  
3.000000 3.100000 1.22183e-44  
3.000000 3.400000 5.76455e-44  
3.000000 3.700000 2.166e-43  
3.000000 4.000000 6.76337e-43  
3.000000 4.300000 1.80482e-42  
3.000000 4.600000 4.20611e-42  
3.000000 4.900000 8.71806e-42  
3.000000 5.200000 1.6325e-41  
3.000000 5.500000 2.79925e-41  
3.000000 5.800000 4.44646e-41  
3.000000 6.100000 6.60827e-41  
3.000000 6.400000 9.26745e-41  
3.000000 6.700000 1.23538e-40  
3.000000 7.000000 1.5752e-40  
3.000000 7.300000 1.93161e-40  
3.000000 7.600000 2.28868e-40  
3.000000 7.900000 2.63084e-40  
3.000000 8.200000 2.94433e-40  
3.000000 8.500000 3.21809e-40  
3.000000 8.800000 3.44436e-40  
3.000000 9.100000 3.61867e-40  
3.000000 9.400000 3.73961e-40  
3.000000 9.700000 3.80844e-40  

3.100000 0.100000 0  
3.100000 0.400000 1.65519e-75  
3.100000 0.700000 1.92301e-66  
3.100000 1.000000 7.49107e-61  
3.100000 1.300000 7.25e-55  
3.100000 1.600000 1.49922e-50  
3.100000 1.900000 6.41707e-48  
3.100000 2.200000 3.64188e-46  
3.100000 2.500000 6.59307e-45  
3.100000 2.800000 6.05705e-44  
3.100000 3.100000 3.64206e-43  
3.100000 3.400000 1.6361e-42  
3.100000 3.700000 5.86859e-42  
3.100000 4.000000 1.74526e-41  
3.100000 4.300000 4.41973e-41  
3.100000 4.600000 9.74287e-41  
3.100000 4.900000 1.90538e-40  
3.100000 5.200000 3.36051e-40  
3.100000 5.500000 5.42115e-40  
3.100000 5.800000 8.09624e-40  
3.100000 6.100000 1.131e-39  
3.100000 6.400000 1.49093e-39  
3.100000 6.700000 1.86871e-39  
3.100000 7.000000 2.2414e-39  
3.100000 7.300000 2.58709e-39  
3.100000 7.600000 2.88736e-39  
3.100000 7.900000 3.12893e-39  
3.100000 8.200000 3.30422e-39  
3.100000 8.500000 3.41105e-39  
3.100000 8.800000 3.45189e-39  
3.100000 9.100000 3.43264e-39  
3.100000 9.400000 3.36148e-39  
3.100000 9.700000 3.24773e-39  

3.200000 0.100000 0  
3.200000 0.400000 1.78396e-74  
3.200000 0.700000 5.1758e-65  
3.200000 1.000000 2.3009e-59  
3.200000 1.300000 4.12294e-53  
3.200000 1.600000 6.2646e-49  
3.200000 1.900000 2.13153e-46  
3.200000 2.200000 1.02104e-44  
3.200000 2.500000 1.63195e-43  
3.200000 2.800000 1.37213e-42  
3.200000 3.100000 7.72735e-42  
3.200000 3.400000 3.2801e-41  
3.200000 3.700000 1.11135e-40  
3.200000 4.000000 3.11039e-40  
3.200000 4.300000 7.38432e-40  
3.200000 4.600000 1.52147e-39  
3.200000 4.900000 2.77546e-39  
3.200000 5.200000 4.56038e-39  
3.200000 5.500000 6.84973e-39  
3.200000 5.800000 9.52375e-39  
3.200000 6.100000 1.23895e-38  
3.200000 6.400000 1.52182e-38  
3.200000 6.700000 1.77874e-38  
3.200000 7.000000 1.99155e-38  
3.200000 7.300000 2.14826e-38  
3.200000 7.600000 2.24357e-38  
3.200000 7.900000 2.27827e-38  
3.200000 8.200000 2.25787e-38  
3.200000 8.500000 2.1909e-38  
3.200000 8.800000 2.08744e-38  
3.200000 9.100000 1.9577e-38  
3.200000 9.400000 1.81122e-38  
3.200000 9.700000 1.65627e-38  

3.300000 0.100000 0  
3.300000 0.400000 1.69733e-73  
3.300000 0.700000 1.12904e-63  
3.300000 1.000000 6.23406e-58  
3.300000 1.300000 1.72188e-51  
3.300000 1.600000 1.90109e-47  
3.300000 1.900000 5.12723e-45  
3.300000 2.200000 2.06571e-43  
3.300000 2.500000 2.90703e-42  
3.300000 2.800000 2.22997e-41  
3.300000 3.100000 1.16887e-40  
3.300000 3.400000 4.64138e-40  
3.300000 3.700000 1.46724e-39  
3.300000 4.000000 3.81494e-39  
3.300000 4.300000 8.38416e-39  
3.300000 4.600000 1.59537e-38  
3.300000 4.900000 2.68423e-38  
3.300000 5.200000 4.06612e-38  
3.300000 5.500000 5.63166e-38  
3.300000 5.800000 7.22536e-38  
3.300000 6.100000 8.68302e-38  
3.300000 6.400000 9.86645e-38  
3.300000 6.700000 1.06861e-37  
3.300000 7.000000 1.11078e-37  
3.300000 7.300000 1.11469e-37  
3.300000 7.600000 1.08544e-37  
3.300000 7.900000 1.03016e-37  
3.300000 8.200000 9.56549e-38  
3.300000 8.500000 8.71898e-38  
3.300000 8.800000 7.82438e-38  
3.300000 9.100000 6.9305e-38  
3.300000 9.400000 6.07271e-38  
3.300000 9.700000 5.27416e-38  

3.400000 0.100000 0  
3.400000 0.400000 1.44013e-72  
3.400000 0.700000 1.98747e-62  
3.400000 1.000000 1.45968e-56  
3.400000 1.300000 5.29355e-50  
3.400000 1.600000 4.21852e-46  
3.400000 1.900000 8.98058e-44  
3.400000 2.200000 3.02965e-42  
3.400000 2.500000 3.74051e-41  
3.400000 2.800000 2.60552e-40  
3.400000 3.100000 1.26041e-39  
3.400000 3.400000 4.62648e-39  
3.400000 3.700000 1.34665e-38  
3.400000 4.000000 3.21084e-38  
3.400000 4.300000 6.45341e-38  
3.400000 4.600000 1.12159e-37  
3.400000 4.900000 1.72338e-37  
3.400000 5.200000 2.38595e-37  
3.400000 5.500000 3.02464e-37  
3.400000 5.800000 3.55899e-37  
3.400000 6.100000 3.93218e-37  
3.400000 6.400000 4.11949e-37  
3.400000 6.700000 4.12649e-37  
3.400000 7.000000 3.98052e-37  
3.400000 7.300000 3.72032e-37  
3.400000 7.600000 3.3868e-37  
3.400000 7.900000 3.01677e-37  
3.400000 8.200000 2.63962e-37  
3.400000 8.500000 2.27648e-37  
3.400000 8.800000 1.94078e-37  
3.400000 9.100000 1.63975e-37  
3.400000 9.400000 1.37597e-37  
3.400000 9.700000 1.14886e-37  

3.500000 0.100000 0  
3.500000 0.400000 1.09703e-71  
3.500000 0.700000 2.81898e-61  
3.500000 1.000000 2.91107e-55  
3.500000 1.300000 1.20238e-48  
3.500000 1.600000 6.87942e-45  
3.500000 1.900000 1.14996e-42  
3.500000 2.200000 3.23212e-41  
3.500000 2.500000 3.48621e-40  
3.500000 2.800000 2.19167e-39  
3.500000 3.100000 9.68591e-39  
3.500000 3.400000 3.24527e-38  
3.500000 3.700000 8.58726e-38  
3.500000 4.000000 1.85577e-37  
3.500000 4.300000 3.37686e-37  
3.500000 4.600000 5.31604e-37  
3.500000 4.900000 7.4119e-37  
3.500000 5.200000 9.33685e-37  
3.500000 5.500000 1.08076e-36  
3.500000 5.800000 1.16602e-36  
3.500000 6.100000 1.18673e-36  
3.500000 6.400000 1.15104e-36  
3.500000 6.700000 1.07319e-36  
3.500000 7.000000 9.68925e-37  
3.500000 7.300000 8.52387e-37  
3.500000 7.600000 7.34524e-37  
3.500000 7.900000 6.22786e-37  
3.500000 8.200000 5.21515e-37  
3.500000 8.500000 4.32668e-37  
3.500000 8.800000 3.56566e-37  
3.500000 9.100000 2.92522e-37  
3.500000 9.400000 2.39321e-37  
3.500000 9.700000 1.95536e-37  

3.600000 0.100000 0  
3.600000 0.400000 7.52196e-71  
3.600000 0.700000 3.22099e-60  
3.600000 1.000000 4.93209e-54  
3.600000 1.300000 2.0254e-47  
3.600000 1.600000 8.2771e-44  
3.600000 1.900000 1.08014e-41  
3.600000 2.200000 2.51665e-40  
3.600000 2.500000 2.36127e-39  
3.600000 2.800000 1.33057e-38  
3.600000 3.100000 5.31615e-38  
3.600000 3.400000 1.60718e-37  
3.600000 3.700000 3.82647e-37  
3.600000 4.000000 7.43523e-37  
3.600000 4.300000 1.21839e-36  
3.600000 4.600000 1.7331e-36  
3.600000 4.900000 2.19378e-36  
3.600000 5.200000 2.5236e-36  
3.600000 5.500000 2.68521e-36  
3.600000 5.800000 2.68215e-36  
3.600000 6.100000 2.54626e-36  
3.600000 6.400000 2.32116e-36  
3.600000 6.700000 2.04926e-36  
3.600000 7.000000 1.76459e-36  
3.600000 7.300000 1.49059e-36  
3.600000 7.600000 1.24106e-36  
3.600000 7.900000 1.02237e-36  
3.600000 8.200000 8.35886e-37  
3.600000 8.500000 6.79946e-37  
3.600000 8.800000 5.51378e-37  
3.600000 9.100000 4.46422e-37  
3.600000 9.400000 3.61329e-37  
3.600000 9.700000 2.92646e-37  

3.700000 0.100000 0  
3.700000 0.400000 4.63527e-70  
3.700000 0.700000 2.96583e-59  
3.700000 1.000000 7.09541e-53  
3.700000 1.300000 2.53912e-46  
3.700000 1.600000 7.37397e-43  
3.700000 1.900000 7.47168e-41  
3.700000 2.200000 1.43754e-39  
3.700000 2.500000 1.16937e-38  
3.700000 2.800000 5.86986e-38  
3.700000 3.100000 2.1022e-37  
3.700000 3.400000 5.69112e-37  
3.700000 3.700000 1.21364e-36  
3.700000 4.000000 2.1189e-36  
3.700000 4.300000 3.1375e-36  
3.700000 4.600000 4.0632e-36  
3.700000 4.900000 4.72373e-36  
3.700000 5.200000 5.03814e-36  
3.700000 5.500000 5.01875e-36  
3.700000 5.800000 4.73806e-36  
3.700000 6.100000 4.28962e-36  
3.700000 6.400000 3.75981e-36  
3.700000 6.700000 3.21464e-36  
3.700000 7.000000 2.69725e-36  
3.700000 7.300000 2.23153e-36  
3.700000 7.600000 1.82728e-36  
3.700000 7.900000 1.48533e-36  
3.700000 8.200000 1.2014e-36  
3.700000 8.500000 9.6874e-37  
3.700000 8.800000 7.79912e-37  
3.700000 9.100000 6.2766e-37  
3.700000 9.400000 5.05436e-37  
3.700000 9.700000 4.07573e-37  

3.800000 0.100000 0  
3.800000 0.400000 2.55473e-69  
3.800000 0.700000 2.20221e-58  
3.800000 1.000000 8.58207e-52  
3.800000 1.300000 2.37763e-45  
3.800000 1.600000 4.88652e-42  
3.800000 1.900000 3.83127e-40  
3.800000 2.200000 6.0816e-39  
3.800000 2.500000 4.28722e-38  
3.800000 2.800000 1.91166e-37  
3.800000 3.100000 6.11841e-37  
3.800000 3.400000 1.48386e-36  
3.800000 3.700000 2.8496e-36  
3.800000 4.000000 4.51807e-36  
3.800000 4.300000 6.13965e-36  
3.800000 4.600000 7.38196e-36  
3.800000 4.900000 8.06137e-36  
3.800000 5.200000 8.16622e-36  
3.800000 5.500000 7.80334e-36  
3.800000 5.800000 7.12687e-36  
3.800000 6.100000 6.28566e-36  
3.800000 6.400000 5.39664e-36  
3.800000 6.700000 4.539e-36  
3.800000 7.000000 3.75851e-36  
3.800000 7.300000 3.07618e-36  
3.800000 7.600000 2.49641e-36  
3.800000 7.900000 2.01388e-36  
3.800000 8.200000 1.61829e-36  
3.800000 8.500000 1.29749e-36  
3.800000 8.800000 1.03936e-36  
3.800000 9.100000 8.32752e-37  
3.800000 9.400000 6.67941e-37  
3.800000 9.700000 5.3671e-37  

3.900000 0.100000 0  
3.900000 0.400000 1.2508e-68  
3.900000 0.700000 1.32022e-57  
3.900000 1.000000 8.55132e-51  
3.900000 1.300000 1.67122e-44  
3.900000 1.600000 2.42693e-41  
3.900000 1.900000 1.47409e-39  
3.900000 2.200000 1.94002e-38  
3.900000 2.500000 1.19174e-37  
3.900000 2.800000 4.74076e-37  
3.900000 3.100000 1.3651e-36  
3.900000 3.400000 3.00179e-36  
3.900000 3.700000 5.28363e-36  
3.900000 4.000000 7.77696e-36  
3.900000 4.300000 9.94025e-36  
3.900000 4.600000 1.13787e-35  
3.900000 4.900000 1.19544e-35  
3.900000 5.200000 1.17488e-35  
3.900000 5.500000 1.0963e-35  
3.900000 5.800000 9.82482e-36  
3.900000 6.100000 8.53288e-36  
3.900000 6.400000 7.23312e-36  
3.900000 6.700000 6.01818e-36  
3.900000 7.000000 4.93713e-36  
3.900000 7.300000 4.00809e-36  
3.900000 7.600000 3.22947e-36  
3.900000 7.900000 2.58876e-36  
3.900000 8.200000 2.06852e-36  
3.900000 8.500000 1.65012e-36  
3.900000 8.800000 1.31589e-36  
3.900000 9.100000 1.05006e-36  
3.900000 9.400000 8.39195e-37  
3.900000 9.700000 6.72129e-37  

4.000000 0.100000 0  
4.000000 0.400000 5.40034e-68  
4.000000 0.700000 6.40395e-57  
4.000000 1.000000 6.8637e-50  
4.000000 1.300000 8.88718e-44  
4.000000 1.600000 9.15662e-41  
4.000000 1.900000 4.34929e-39  
4.000000 2.200000 4.81406e-38  
4.000000 2.500000 2.61476e-37  
4.000000 2.800000 9.41415e-37  
4.000000 3.100000 2.48296e-36  
4.000000 3.400000 5.06183e-36  
4.000000 3.700000 8.36978e-36  
4.000000 4.000000 1.17195e-35  
4.000000 4.300000 1.44031e-35  
4.000000 4.600000 1.59865e-35  
4.000000 4.900000 1.63872e-35  
4.000000 5.200000 1.57857e-35  
4.000000 5.500000 1.44853e-35  
4.000000 5.800000 1.27978e-35  
4.000000 6.100000 1.09788e-35  
4.000000 6.400000 9.2067e-36  
4.000000 6.700000 7.58794e-36  
4.000000 7.000000 6.17288e-36  
4.000000 7.300000 4.97415e-36  
4.000000 7.600000 3.98141e-36  
4.000000 7.900000 3.17274e-36  
4.000000 8.200000 2.52185e-36  
4.000000 8.500000 2.00234e-36  
4.000000 8.800000 1.59007e-36  
4.000000 9.100000 1.26411e-36  
4.000000 9.400000 1.00687e-36  
4.000000 9.700000 8.04001e-37  

4.100000 0.100000 0  
4.100000 0.400000 2.0429e-67  
4.100000 0.700000 2.52378e-56  
4.100000 1.000000 4.36882e-49  
4.100000 1.300000 3.6241e-43  
4.100000 1.600000 2.68625e-40  
4.100000 1.900000 1.01969e-38  
4.100000 2.200000 9.73945e-38  
4.100000 2.500000 4.78972e-37  
4.100000 2.800000 1.59609e-36  
4.100000 3.100000 3.94621e-36  
4.100000 3.400000 7.62898e-36  
4.100000 3.700000 1.20869e-35  
4.100000 4.000000 1.63522e-35  
4.100000 4.300000 1.95406e-35  
4.100000 4.600000 2.11878e-35  
4.100000 4.900000 2.12923e-35  
4.100000 5.200000 2.01632e-35  
4.100000 5.500000 1.82293e-35  
4.100000 5.800000 1.58975e-35  
4.100000 6.100000 1.34829e-35  
4.100000 6.400000 1.11933e-35  
4.100000 6.700000 9.14343e-36  
4.100000 7.000000 7.37987e-36  
4.100000 7.300000 5.90528e-36  
4.100000 7.600000 4.69744e-36  
4.100000 7.900000 3.72274e-36  
4.100000 8.200000 2.9445e-36  
4.100000 8.500000 2.3277e-36  
4.100000 8.800000 1.84124e-36  
4.100000 9.100000 1.45869e-36  
4.100000 9.400000 1.15825e-36  
4.100000 9.700000 9.22315e-37  

4.200000 0.100000 0  
4.200000 0.400000 6.7425e-67  
4.200000 0.700000 8.1407e-56  
4.200000 1.000000 2.19598e-48  
4.200000 1.300000 1.15907e-42  
4.200000 1.600000 6.35496e-40  
4.200000 1.900000 1.99631e-38  
4.200000 2.200000 1.70141e-37  
4.200000 2.500000 7.77848e-37  
4.200000 2.800000 2.45061e-36  
4.200000 3.100000 5.78098e-36  
4.200000 3.400000 1.07422e-35  
4.200000 3.700000 1.64595e-35  
4.200000 4.000000 2.16424e-35  
4.200000 4.300000 2.52365e-35  
4.200000 4.600000 2.67902e-35  
4.200000 4.900000 2.64311e-35  
4.200000 5.200000 2.46309e-35  
4.200000 5.500000 2.19581e-35  
4.200000 5.800000 1.8915e-35  
4.200000 6.100000 1.58695e-35  
4.200000 6.400000 1.30496e-35  
4.200000 6.700000 1.05706e-35  
4.200000 7.000000 8.46863e-36  
4.200000 7.300000 6.73207e-36  
4.200000 7.600000 5.32401e-36  
4.200000 7.900000 4.19752e-36  
4.200000 8.200000 3.30482e-36  
4.200000 8.500000 2.60189e-36  
4.200000 8.800000 2.05066e-36  
4.200000 9.100000 1.61936e-36  
4.200000 9.400000 1.28212e-36  
4.200000 9.700000 1.01834e-36  

4.300000 0.100000 0  
4.300000 0.400000 1.94002e-66  
4.300000 0.700000 2.17626e-55  
4.300000 1.000000 8.79727e-48  
4.300000 1.300000 3.00882e-42  
4.300000 1.600000 1.2727e-39  
4.300000 1.900000 3.44838e-38  
4.300000 2.200000 2.70431e-37  
4.300000 2.500000 1.1717e-36  
4.300000 2.800000 3.53363e-36  
4.300000 3.100000 8.01809e-36  
4.300000 3.400000 1.43929e-35  
4.300000 3.700000 2.13917e-35  
4.300000 4.000000 2.7389e-35  
4.300000 4.300000 3.12059e-35  
4.300000 4.600000 3.24663e-35  
4.300000 4.900000 3.14743e-35  
4.300000 5.200000 2.88855e-35  
4.300000 5.500000 2.54096e-35  
4.300000 5.800000 2.16338e-35  
4.300000 6.100000 1.79655e-35  
4.300000 6.400000 1.46407e-35  
4.300000 6.700000 1.17657e-35  
4.300000 7.000000 9.36031e-36  
4.300000 7.300000 7.39508e-36  
4.300000 7.600000 5.81646e-36  
4.300000 7.900000 4.56362e-36  
4.300000 8.200000 3.57765e-36  
4.300000 8.500000 2.806e-36  
4.300000 8.800000 2.20408e-36  
4.300000 9.100000 1.73529e-36  
4.300000 9.400000 1.37026e-36  
4.300000 9.700000 1.08578e-36  

4.400000 0.100000 0  
4.400000 0.400000 4.8858e-66  
4.400000 0.700000 4.91659e-55  
4.400000 1.000000 2.87529e-47  
4.400000 1.300000 6.63222e-42  
4.400000 1.600000 2.27127e-39  
4.400000 1.900000 5.49676e-38  
4.400000 2.200000 4.04295e-37  
4.400000 2.500000 1.67525e-36  
4.400000 2.800000 4.8586e-36  
4.400000 3.100000 1.06324e-35  
4.400000 3.400000 1.84687e-35  
4.400000 3.700000 2.66609e-35  
4.400000 4.000000 3.32754e-35  
4.400000 4.300000 3.70801e-35  
4.400000 4.600000 3.78412e-35  
4.400000 4.900000 3.60758e-35  
4.400000 5.200000 3.263e-35  
4.400000 5.500000 2.83412e-35  
4.400000 5.800000 2.38638e-35  
4.400000 6.100000 1.96257e-35  
4.400000 6.400000 1.5858e-35  
4.400000 6.700000 1.26488e-35  
4.400000 7.000000 9.99674e-36  
4.400000 7.300000 7.85213e-36  
4.400000 7.600000 6.14432e-36  
4.400000 7.900000 4.79908e-36  
4.400000 8.200000 3.74719e-36  
4.400000 8.500000 2.92859e-36  
4.400000 8.800000 2.29316e-36  
4.400000 9.100000 1.80041e-36  
4.400000 9.400000 1.4182e-36  
4.400000 9.700000 1.12132e-36  

4.500000 0.100000 0  
4.500000 0.400000 1.08772e-65  
4.500000 0.700000 9.64683e-55  
4.500000 1.000000 7.94859e-47  
4.500000 1.300000 1.3021e-41  
4.500000 1.600000 3.75908e-39  
4.500000 1.900000 8.29479e-38  
4.500000 2.200000 5.76983e-37  
4.500000 2.500000 2.29365e-36  
4.500000 2.800000 6.40678e-36  
4.500000 3.100000 1.35371e-35  
4.500000 3.400000 2.27785e-35  
4.500000 3.700000 3.19711e-35  
4.500000 4.000000 3.89361e-35  
4.500000 4.300000 4.24742e-35  
4.500000 4.600000 4.25539e-35  
4.500000 4.900000 3.99254e-35  
4.500000 5.200000 3.56142e-35  
4.500000 5.500000 3.05618e-35  
4.500000 5.800000 2.54638e-35  
4.500000 6.100000 2.07497e-35  
4.500000 6.400000 1.66317e-35  
4.500000 6.700000 1.31725e-35  
4.500000 7.000000 1.03462e-35  
4.500000 7.300000 8.08233e-36  
4.500000 7.600000 6.29418e-36  
4.500000 7.900000 4.89528e-36  
4.500000 8.200000 3.80807e-36  
4.500000 8.500000 2.96634e-36  
4.500000 8.800000 2.31597e-36  
4.500000 9.100000 1.81366e-36  
4.500000 9.400000 1.42539e-36  
4.500000 9.700000 1.12475e-36  

4.600000 0.100000 0  
4.600000 0.400000 2.1756e-65  
4.600000 0.700000 1.6991e-54  
4.600000 1.000000 1.93835e-46  
4.600000 1.300000 2.36487e-41  
4.600000 1.600000 5.89852e-39  
4.600000 1.900000 1.1978e-37  
4.600000 2.200000 7.90632e-37  
4.600000 2.500000 3.01918e-36  
4.600000 2.800000 8.12938e-36  
4.600000 3.100000 1.66002e-35  
4.600000 3.400000 2.70857e-35  
4.600000 3.700000 3.69999e-35  
4.600000 4.000000 4.40099e-35  
4.600000 4.300000 4.7039e-35  
4.600000 4.600000 4.63032e-35  
4.600000 4.900000 4.27851e-35  
4.600000 5.200000 3.76634e-35  
4.600000 5.500000 3.19513e-35  
4.600000 5.800000 2.63566e-35  
4.600000 6.100000 2.12908e-35  
4.600000 6.400000 1.69358e-35  
4.600000 6.700000 1.33241e-35  
4.600000 7.000000 1.04043e-35  
4.600000 7.300000 8.0861e-36  
4.600000 7.600000 6.26874e-36  
4.600000 7.900000 4.85623e-36  
4.600000 8.200000 3.76455e-36  
4.600000 8.500000 2.92346e-36  
4.600000 8.800000 2.27634e-36  
4.600000 9.100000 1.77838e-36  
4.600000 9.400000 1.39475e-36  
4.600000 9.700000 1.09856e-36  

4.700000 0.100000 0  
4.700000 0.400000 3.99338e-65  
4.700000 0.700000 2.77628e-54  
4.700000 1.000000 4.32657e-46  
4.700000 1.300000 4.06084e-41  
4.700000 1.600000 8.85753e-39  
4.700000 1.900000 1.66279e-37  
4.700000 2.200000 1.04362e-36  
4.700000 2.500000 3.832e-36  
4.700000 2.800000 9.95385e-36  
4.700000 3.100000 1.96612e-35  
4.700000 3.400000 3.11381e-35  
4.700000 3.700000 4.14379e-35  
4.700000 4.000000 4.81835e-35  
4.700000 4.300000 5.05017e-35  
4.700000 4.600000 4.88795e-35  
4.700000 4.900000 4.45119e-35  
4.700000 5.200000 3.86928e-35  
4.700000 5.500000 3.24677e-35  
4.700000 5.800000 2.65296e-35  
4.700000 6.100000 2.12542e-35  
4.700000 6.400000 1.67852e-35  
4.700000 6.700000 1.31229e-35  
4.700000 7.000000 1.01909e-35  
4.700000 7.300000 7.88215e-36  
4.700000 7.600000 6.08481e-36  
4.700000 7.900000 4.69636e-36  
4.700000 8.200000 3.62877e-36  
4.700000 8.500000 2.80998e-36  
4.700000 8.800000 2.18251e-36  
4.700000 9.100000 1.70134e-36  
4.700000 9.400000 1.33178e-36  
4.700000 9.700000 1.04719e-36  

4.800000 0.100000 0  
4.800000 0.400000 6.88236e-65  
4.800000 0.700000 4.31944e-54  
4.800000 1.000000 9.05299e-46  
4.800000 1.300000 6.65718e-41  
4.800000 1.600000 1.27831e-38  
4.800000 1.900000 2.22565e-37  
4.800000 2.200000 1.33055e-36  
4.800000 2.500000 4.70187e-36  
4.800000 2.800000 1.17917e-35  
4.800000 3.100000 2.255e-35  
4.800000 3.400000 3.46975e-35  
4.800000 3.700000 4.50248e-35  
4.800000 4.000000 5.12257e-35  
4.800000 4.300000 5.26918e-35  
4.800000 4.600000 5.01818e-35  
4.800000 4.900000 4.5066e-35  
4.800000 5.200000 3.87063e-35  
4.800000 5.500000 3.21432e-35  
4.800000 5.800000 2.60288e-35  
4.800000 6.100000 2.06903e-35  
4.800000 6.400000 1.6229e-35  
4.800000 6.700000 1.26128e-35  
4.800000 7.000000 9.74409e-36  
4.800000 7.300000 7.50256e-36  
4.800000 7.600000 5.7689e-36  
4.800000 7.900000 4.43712e-36  
4.800000 8.200000 3.41811e-36  
4.800000 8.500000 2.63985e-36  
4.800000 8.800000 2.04562e-36  
4.800000 9.100000 1.59141e-36  
4.800000 9.400000 1.24351e-36  
4.800000 9.700000 9.76288e-37  

4.900000 0.100000 0  
4.900000 0.400000 1.13629e-64  
4.900000 0.700000 6.5044e-54  
4.900000 1.000000 1.79672e-45  
4.900000 1.300000 1.0466e-40  
4.900000 1.600000 1.77818e-38  
4.900000 1.900000 2.87977e-37  
4.900000 2.200000 1.64248e-36  
4.900000 2.500000 5.5907e-36  
4.900000 2.800000 1.35473e-35  
4.900000 3.100000 2.51051e-35  
4.900000 3.400000 3.75649e-35  
4.900000 3.700000 4.75753e-35  
4.900000 4.000000 5.3005e-35  
4.900000 4.300000 5.3549e-35  
4.900000 4.600000 5.02158e-35  
4.900000 4.900000 4.4501e-35  
4.900000 5.200000 3.77857e-35  
4.900000 5.500000 3.10699e-35  
4.900000 5.800000 2.49451e-35  
4.900000 6.100000 1.96823e-35  
4.900000 6.400000 1.53391e-35  
4.900000 6.700000 1.18546e-35  
4.900000 7.000000 9.1138e-36  
4.900000 7.300000 6.98743e-36  
4.900000 7.600000 5.35291e-36  
4.900000 7.900000 4.10386e-36  
4.900000 8.200000 3.15248e-36  
4.900000 8.500000 2.42872e-36  
4.900000 8.800000 1.87797e-36  
4.900000 9.100000 1.45827e-36  
4.900000 9.400000 1.13763e-36  
4.900000 9.700000 8.91903e-37  

5.000000 0.100000 0  
5.000000 0.400000 1.82315e-64  
5.000000 0.700000 9.56558e-54  
5.000000 1.000000 3.40074e-45  
5.000000 1.300000 1.58271e-40  
5.000000 1.600000 2.39022e-38  
5.000000 1.900000 3.61055e-37  
5.000000 2.200000 1.96757e-36  
5.000000 2.500000 6.45632e-36  
5.000000 2.800000 1.51283e-35  
5.000000 3.100000 2.71904e-35  
5.000000 3.400000 3.96005e-35  
5.000000 3.700000 4.89914e-35  
5.000000 4.000000 5.3494e-35  
5.000000 4.300000 5.31178e-35  
5.000000 4.600000 4.90796e-35  
5.000000 4.900000 4.29452e-35  
5.000000 5.200000 3.60689e-35  
5.000000 5.500000 2.93801e-35  
5.000000 5.800000 2.33976e-35  
5.000000 6.100000 1.83318e-35  
5.000000 6.400000 1.41999e-35  
5.000000 6.700000 1.09162e-35  
5.000000 7.000000 8.35388e-36  
5.000000 7.300000 6.37931e-36  
5.000000 7.600000 4.8701e-36  
5.000000 7.900000 3.72244e-36  
5.000000 8.200000 2.85195e-36  
5.000000 8.500000 2.19217e-36  
5.000000 8.800000 1.69172e-36  
5.000000 9.100000 1.3114e-36  
5.000000 9.400000 1.02153e-36  
5.000000 9.700000 7.99847e-37  

5.100000 0.100000 0  
5.100000 0.400000 2.86718e-64  
5.100000 0.700000 1.38137e-53  
5.100000 1.000000 6.15911e-45  
5.100000 1.300000 2.30826e-40  
5.100000 1.600000 3.11202e-38  
5.100000 1.900000 4.3959e-37  
5.100000 2.200000 2.29206e-36  
5.100000 2.500000 7.25638e-36  
5.100000 2.800000 1.64543e-35  
5.100000 3.100000 2.87077e-35  
5.100000 3.400000 4.07313e-35  
5.100000 3.700000 4.92645e-35  
5.100000 4.000000 5.276e-35  
5.100000 4.300000 5.15287e-35  
5.100000 4.600000 4.69414e-35  
5.100000 4.900000 4.05792e-35  
5.100000 5.200000 3.37283e-35  
5.100000 5.500000 2.72286e-35  
5.100000 5.800000 2.15174e-35  
5.100000 6.100000 1.67467e-35  
5.100000 6.400000 1.28975e-35  
5.100000 6.700000 9.8656e-36  
5.100000 7.000000 7.51732e-36  
5.100000 7.300000 5.71896e-36  
5.100000 7.600000 4.3518e-36  
5.100000 7.900000 3.31691e-36  
5.100000 8.200000 2.53506e-36  
5.100000 8.500000 1.94449e-36  
5.100000 8.800000 1.49783e-36  
5.100000 9.100000 1.15923e-36  
5.100000 9.400000 9.01772e-37  
5.100000 9.700000 7.05258e-37  

5.200000 0.100000 0  
5.200000 0.400000 4.44064e-64  
5.200000 0.700000 1.96711e-53  
5.200000 1.000000 1.07036e-44  
5.200000 1.300000 3.25444e-40  
5.200000 1.600000 3.93307e-38  
5.200000 1.900000 5.20791e-37  
5.200000 2.200000 2.60158e-36  
5.200000 2.500000 7.95248e-36  
5.200000 2.800000 1.74643e-35  
5.200000 3.100000 2.96027e-35  
5.200000 3.400000 4.0952e-35  
5.200000 3.700000 4.84641e-35  
5.200000 4.000000 5.09449e-35  
5.200000 4.300000 4.89712e-35  
5.200000 4.600000 4.40113e-35  
5.200000 4.900000 3.76074e-35  
5.200000 5.200000 3.09493e-35  
5.200000 5.500000 2.47731e-35  
5.200000 5.800000 1.94338e-35  
5.200000 6.100000 1.50298e-35  
5.200000 6.400000 1.15123e-35  
5.200000 6.700000 8.76465e-36  
5.200000 7.000000 6.65129e-36  
5.200000 7.300000 5.04227e-36  
5.200000 7.600000 3.82518e-36  
5.200000 7.900000 2.90786e-36  
5.200000 8.200000 2.21739e-36  
5.200000 8.500000 1.69748e-36  
5.200000 8.800000 1.30536e-36  
5.200000 9.100000 1.00881e-36  
5.200000 9.400000 7.83784e-37  
5.200000 9.700000 6.12337e-37  

5.300000 0.100000 0  
5.300000 0.400000 6.79216e-64  
5.300000 0.700000 2.77226e-53  
5.300000 1.000000 1.78944e-44  
5.300000 1.300000 4.44575e-40  
5.300000 1.600000 4.83483e-38  
5.300000 1.900000 6.01498e-37  
5.300000 2.200000 2.88227e-36  
5.300000 2.500000 8.51346e-36  
5.300000 2.800000 1.81207e-35  
5.300000 3.100000 2.98658e-35  
5.300000 3.400000 4.03173e-35  
5.300000 3.700000 4.67214e-35  
5.300000 4.000000 4.82412e-35  
5.300000 4.300000 4.56705e-35  
5.300000 4.600000 4.05148e-35  
5.300000 4.900000 3.4238e-35  
5.300000 5.200000 2.79111e-35  
5.300000 5.500000 2.21605e-35  
5.300000 5.800000 1.72636e-35  
5.300000 6.100000 1.32717e-35  
5.300000 6.400000 1.01131e-35  
5.300000 6.700000 7.66534e-36  
5.300000 7.000000 5.79478e-36  
5.300000 7.300000 4.37849e-36  
5.300000 7.600000 3.31221e-36  
5.300000 7.900000 2.5117e-36  
5.300000 8.200000 1.91123e-36  
5.300000 8.500000 1.46044e-36  
5.300000 8.800000 1.12133e-36  
5.300000 9.100000 8.65446e-37  
5.300000 9.400000 6.71641e-37  
5.300000 9.700000 5.24216e-37  

5.400000 0.100000 0  
5.400000 0.400000 1.02787e-63  
5.400000 0.700000 3.87814e-53  
5.400000 1.000000 2.88486e-44  
5.400000 1.300000 5.89639e-40  
5.400000 1.600000 5.79158e-38  
5.400000 1.900000 6.78441e-37  
5.400000 2.200000 3.12212e-36  
5.400000 2.500000 8.91754e-36  
5.400000 2.800000 1.84104e-35  
5.400000 3.100000 2.95275e-35  
5.400000 3.400000 3.89287e-35  
5.400000 3.700000 4.42074e-35  
5.400000 4.000000 4.48659e-35  
5.400000 4.300000 4.18584e-35  
5.400000 4.600000 3.66738e-35  
5.400000 4.900000 3.06659e-35  
5.400000 5.200000 2.47739e-35  
5.400000 5.500000 1.95181e-35  
5.400000 5.800000 1.51047e-35  
5.400000 6.100000 1.15462e-35  
5.400000 6.400000 8.75556e-36  
5.400000 6.700000 6.6085e-36  
5.400000 7.000000 4.9778e-36  
5.400000 7.300000 3.74954e-36  
5.400000 7.600000 2.82886e-36  
5.400000 7.900000 2.14027e-36  
5.400000 8.200000 1.62541e-36  
5.400000 8.500000 1.23996e-36  
5.400000 8.800000 9.50677e-37  
5.400000 9.100000 7.32835e-37  
5.400000 9.400000 5.68117e-37  
5.400000 9.700000 4.43014e-37  

5.500000 0.100000 0  
5.500000 0.400000 1.54084e-63  
5.500000 0.700000 5.39696e-53  
5.500000 1.000000 4.49491e-44  
5.500000 1.300000 7.60736e-40  
5.500000 1.600000 6.77231e-38  
5.500000 1.900000 7.48513e-37  
5.500000 2.200000 3.31171e-36  
5.500000 2.500000 9.15349e-36  
5.500000 2.800000 1.83431e-35  
5.500000 3.100000 2.86517e-35  
5.500000 3.400000 3.6919e-35  
5.500000 3.700000 4.11144e-35  
5.500000 4.000000 4.10411e-35  
5.500000 4.300000 3.77554e-35  
5.500000 4.600000 3.26874e-35  
5.500000 4.900000 2.70568e-35  
5.500000 5.200000 2.16708e-35  
5.500000 5.500000 1.69482e-35  
5.500000 5.800000 1.30335e-35  
5.500000 6.100000 9.90939e-36  
5.500000 6.400000 7.47963e-36  
5.500000 6.700000 5.62316e-36  
5.500000 7.000000 4.22128e-36  
5.500000 7.300000 3.17045e-36  
5.500000 7.600000 2.386e-36  
5.500000 7.900000 1.80134e-36  
5.500000 8.200000 1.36548e-36  
5.500000 8.500000 1.04e-36  
5.500000 8.800000 7.96271e-37  
5.500000 9.100000 6.13086e-37  
5.500000 9.400000 4.74819e-37  
5.500000 9.700000 3.69965e-37  

5.600000 0.100000 0  
5.600000 0.400000 2.28957e-63  
5.600000 0.700000 7.48103e-53  
5.600000 1.000000 6.78287e-44  
5.600000 1.300000 9.56461e-40  
5.600000 1.600000 7.74284e-38  
5.600000 1.900000 8.09004e-37  
5.600000 2.200000 3.44483e-36  
5.600000 2.500000 9.22038e-36  
5.600000 2.800000 1.79482e-35  
5.600000 3.100000 2.73238e-35  
5.600000 3.400000 3.4437e-35  
5.600000 3.700000 3.76347e-35  
5.600000 4.000000 3.69731e-35  
5.600000 4.300000 3.35573e-35  
5.600000 4.600000 2.87234e-35  
5.600000 4.900000 2.35464e-35  
5.600000 5.200000 1.87042e-35  
5.600000 5.500000 1.45258e-35  
5.600000 5.800000 1.11041e-35  
5.600000 6.100000 8.39935e-36  
5.600000 6.400000 6.31242e-36  
5.600000 6.700000 4.72792e-36  
5.600000 7.000000 3.53783e-36  
5.600000 7.300000 2.64979e-36  
5.600000 7.600000 1.98939e-36  
5.600000 7.900000 1.49884e-36  
5.600000 8.200000 1.13418e-36  
5.600000 8.500000 8.62553e-37  
5.600000 8.800000 6.59608e-37  
5.600000 9.100000 5.07372e-37  
5.600000 9.400000 3.92659e-37  
5.600000 9.700000 3.0579e-37  

5.700000 0.100000 0  
5.700000 0.400000 3.37301e-63  
5.700000 0.700000 1.03328e-52  
5.700000 1.000000 9.93237e-44  
5.700000 1.300000 1.17383e-39  
5.700000 1.600000 8.66823e-38  
5.700000 1.900000 8.57754e-37  
5.700000 2.200000 3.51864e-36  
5.700000 2.500000 9.12656e-36  
5.700000 2.800000 1.72694e-35  
5.700000 3.100000 2.56428e-35  
5.700000 3.400000 3.16334e-35  
5.700000 3.700000 3.39479e-35  
5.700000 4.000000 3.28435e-35  
5.700000 4.300000 2.94257e-35  
5.700000 4.600000 2.49125e-35  
5.700000 4.900000 2.02341e-35  
5.700000 5.200000 1.5947e-35  
5.700000 5.500000 1.23024e-35  
5.700000 5.800000 9.35116e-36  
5.700000 6.100000 7.03918e-36  
5.700000 6.400000 5.26811e-36  
5.700000 6.700000 3.93169e-36  
5.700000 7.000000 2.93296e-36  
5.700000 7.300000 2.19095e-36  
5.700000 7.600000 1.64124e-36  
5.700000 7.900000 1.23424e-36  
5.700000 8.200000 9.3258e-37  
5.700000 8.500000 7.08412e-37  
5.700000 8.800000 5.4126e-37  
5.700000 9.100000 4.16062e-37  
5.700000 9.400000 3.21828e-37  
5.700000 9.700000 2.50514e-37  

5.800000 0.100000 0  
5.800000 0.400000 4.92577e-63  
5.800000 0.700000 1.42152e-52  
5.800000 1.000000 1.41394e-43  
5.800000 1.300000 1.4084e-39  
5.800000 1.600000 9.51569e-38  
5.800000 1.900000 8.93319e-37  
5.800000 2.200000 3.53364e-36  
5.800000 2.500000 8.88779e-36  
5.800000 2.800000 1.63594e-35  
5.800000 3.100000 2.37103e-35  
5.800000 3.400000 2.86497e-35  
5.800000 3.700000 3.02117e-35  
5.800000 4.000000 2.87997e-35  
5.800000 4.300000 2.54839e-35  
5.800000 4.600000 2.13499e-35  
5.800000 4.900000 1.71879e-35  
5.800000 5.200000 1.3445e-35  
5.800000 5.500000 1.03061e-35  
5.800000 5.800000 7.79124e-36  
5.800000 6.100000 5.8376e-36  
5.800000 6.400000 4.35142e-36  
5.800000 6.700000 3.23649e-36  
5.800000 7.000000 2.40753e-36  
5.800000 7.300000 1.7943e-36  
5.800000 7.600000 1.34162e-36  
5.800000 7.900000 1.00745e-36  
5.800000 8.200000 7.60318e-37  
5.800000 8.500000 5.77e-37  
5.800000 8.800000 4.4046e-37  
5.800000 9.100000 3.38287e-37  
5.800000 9.400000 2.61434e-37  
5.800000 9.700000 2.03304e-37  

5.900000 0.100000 0  
5.900000 0.400000 7.12756e-63  
5.900000 0.700000 1.94614e-52  
5.900000 1.000000 1.96011e-43  
5.900000 1.300000 1.65442e-39  
5.900000 1.600000 1.02562e-37  
5.900000 1.900000 9.14957e-37  
5.900000 2.200000 3.49306e-36  
5.900000 2.500000 8.52525e-36  
5.900000 2.800000 1.52751e-35  
5.900000 3.100000 2.16245e-35  
5.900000 3.400000 2.56104e-35  
5.900000 3.700000 2.65535e-35  
5.900000 4.000000 2.4955e-35  
5.900000 4.300000 2.182e-35  
5.900000 4.600000 1.80974e-35  
5.900000 4.900000 1.44459e-35  
5.900000 5.200000 1.1219e-35  
5.900000 5.500000 8.5471e-36  
5.900000 5.800000 6.42767e-36  
5.900000 6.100000 4.79473e-36  
5.900000 6.400000 3.56104e-36  
5.900000 6.700000 2.64076e-36  
5.900000 7.000000 1.95964e-36  
5.900000 7.300000 1.45764e-36  
5.900000 7.600000 1.0881e-36  
5.900000 7.900000 8.15876e-37  
5.900000 8.200000 6.14874e-37  
5.900000 8.500000 4.65941e-37  
5.900000 8.800000 3.55147e-37  
5.900000 9.100000 2.72336e-37  
5.900000 9.400000 2.10139e-37  
5.900000 9.700000 1.63179e-37  

6.000000 0.100000 0  
6.000000 0.400000 1.02137e-62  
6.000000 0.700000 2.64844e-52  
6.000000 1.000000 2.65033e-43  
6.000000 1.300000 1.90526e-39  
6.000000 1.600000 1.08668e-37  
6.000000 1.900000 9.22641e-37  
6.000000 2.200000 3.40251e-36  
6.000000 2.500000 8.06332e-36  
6.000000 2.800000 1.40728e-35  
6.000000 3.100000 1.9473e-35  
6.000000 3.400000 2.26188e-35  
6.000000 3.700000 2.30721e-35  
6.000000 4.000000 2.13884e-35  
6.000000 4.300000 1.84877e-35  
6.000000 4.600000 1.51858e-35  
6.000000 4.900000 1.20229e-35  
6.000000 5.200000 9.27249e-36  
6.000000 5.500000 7.02323e-36  
6.000000 5.800000 5.25635e-36  
6.000000 6.100000 3.90555e-36  
6.000000 6.400000 2.89137e-36  
6.000000 6.700000 2.13845e-36  
6.000000 7.000000 1.58326e-36  
6.000000 7.300000 1.17516e-36  
6.000000 7.600000 8.75369e-37  
6.000000 7.900000 6.54952e-37  
6.000000 8.200000 4.92508e-37  
6.000000 8.500000 3.72437e-37  
6.000000 8.800000 2.83336e-37  
6.000000 9.100000 2.16929e-37  
6.000000 9.400000 1.672e-37  
6.000000 9.700000 1.29759e-37  

6.100000 0.100000 0  
6.100000 0.400000 1.44861e-62  
6.100000 0.700000 3.57862e-52  
6.100000 1.000000 3.50054e-43  
6.100000 1.300000 2.15375e-39  
6.100000 1.600000 1.1331e-37  
6.100000 1.900000 9.1698e-37  
6.100000 2.200000 3.26921e-36  
6.100000 2.500000 7.52731e-36  
6.100000 2.800000 1.28053e-35  
6.100000 3.100000 1.73308e-35  
6.100000 3.400000 1.97562e-35  
6.100000 3.700000 1.98367e-35  
6.100000 4.000000 1.81479e-35  
6.100000 4.300000 1.55131e-35  
6.100000 4.600000 1.26238e-35  
6.100000 4.900000 9.91676e-36  
6.100000 5.200000 7.59892e-36  
6.100000 5.500000 5.72518e-36  
6.100000 5.800000 4.26635e-36  
6.100000 6.100000 3.15861e-36  
6.100000 6.400000 2.33092e-36  
6.100000 6.700000 1.71879e-36  
6.100000 7.000000 1.26876e-36  
6.100000 7.300000 9.3895e-37  
6.100000 7.600000 6.9745e-37  
6.100000 7.900000 5.20495e-37  
6.100000 8.200000 3.90591e-37  
6.100000 8.500000 2.94925e-37  
6.100000 8.800000 2.24199e-37  
6.100000 9.100000 1.71653e-37  
6.100000 9.400000 1.32399e-37  
6.100000 9.700000 1.02892e-37  

6.200000 0.100000 0  
6.200000 0.400000 2.03242e-62  
6.200000 0.700000 4.79665e-52  
6.200000 1.000000 4.52259e-43  
6.200000 1.300000 2.39267e-39  
6.200000 1.600000 1.16398e-37  
6.200000 1.900000 8.99085e-37  
6.200000 2.200000 3.10128e-36  
6.200000 2.500000 6.9421e-36  
6.200000 2.800000 1.15189e-35  
6.200000 3.100000 1.52575e-35  
6.200000 3.400000 1.70794e-35  
6.200000 3.700000 1.68893e-35  
6.200000 4.000000 1.52547e-35  
6.200000 4.300000 1.29015e-35  
6.200000 4.600000 1.04064e-35  
6.200000 4.900000 8.11569e-36  
6.200000 5.200000 6.18223e-36  
6.200000 5.500000 4.63497e-36  
6.200000 5.800000 3.43903e-36  
6.200000 6.100000 2.53573e-36  
6.200000 6.400000 1.86388e-36  
6.200000 6.700000 1.36917e-36  
6.200000 7.000000 1.00714e-36  
6.200000 7.300000 7.43105e-37  
6.200000 7.600000 5.50733e-37  
6.200000 7.900000 4.10458e-37  
6.200000 8.200000 3.07909e-37  
6.200000 8.500000 2.32638e-37  
6.200000 8.800000 1.77098e-37  
6.200000 9.100000 1.35862e-37  
6.200000 9.400000 1.05033e-37  
6.200000 9.700000 8.18167e-38  

6.300000 0.100000 0  
6.300000 0.400000 2.81956e-62  
6.300000 0.700000 6.37338e-52  
6.300000 1.000000 5.72306e-43  
6.300000 1.300000 2.61509e-39  
6.300000 1.600000 1.17912e-37  
6.300000 1.900000 8.70473e-37  
6.300000 2.200000 2.90717e-36  
6.300000 2.500000 6.33071e-36  
6.300000 2.800000 1.02518e-35  
6.300000 3.100000 1.32982e-35  
6.300000 3.400000 1.46251e-35  
6.300000 3.700000 1.42502e-35  
6.300000 4.000000 1.27143e-35  
6.300000 4.300000 1.06452e-35  
6.300000 4.600000 8.51641e-36  
6.300000 4.900000 6.59711e-36  
6.300000 5.200000 4.99611e-36  
6.300000 5.500000 3.72557e-36  
6.300000 5.800000 2.75014e-36  
6.300000 6.100000 2.01796e-36  
6.300000 6.400000 1.47689e-36  
6.300000 6.700000 1.08101e-36  
6.300000 7.000000 7.9319e-37  
6.300000 7.300000 5.84494e-37  
6.300000 7.600000 4.33177e-37  
6.300000 7.900000 3.23187e-37  
6.300000 8.200000 2.42886e-37  
6.300000 8.500000 1.83918e-37  
6.300000 8.800000 1.40324e-37  
6.300000 9.100000 1.07854e-37  
6.300000 9.400000 8.34852e-38  
6.300000 9.700000 6.50607e-38  

6.400000 0.100000 0  
6.400000 0.400000 3.86649e-62  
6.400000 0.700000 8.39196e-52  
6.400000 1.000000 7.10207e-43  
6.400000 1.300000 2.81484e-39  
6.400000 1.600000 1.17896e-37  
6.400000 1.900000 8.32889e-37  
6.400000 2.200000 2.69525e-36  
6.400000 2.500000 5.71286e-36  
6.400000 2.800000 9.03427e-36  
6.400000 3.100000 1.14825e-35  
6.400000 3.400000 1.24142e-35  
6.400000 3.700000 1.19257e-35  
6.400000 4.000000 1.05182e-35  
6.400000 4.300000 8.7241e-36  
6.400000 4.600000 6.92421e-36  
6.400000 4.900000 5.32577e-36  
6.400000 5.200000 4.00678e-36  
6.400000 5.500000 2.96949e-36  
6.400000 5.800000 2.18004e-36  
6.400000 6.100000 1.5926e-36  
6.400000 6.400000 1.162e-36  
6.400000 6.700000 8.49294e-37  
6.400000 7.000000 6.23189e-37  
6.400000 7.300000 4.5979e-37  
6.400000 7.600000 3.41416e-37  
6.400000 7.900000 2.55262e-37  
6.400000 8.200000 1.92173e-37  
6.400000 8.500000 1.45666e-37  
6.400000 8.800000 1.1114e-37  
6.400000 9.100000 8.53291e-38  
6.400000 9.400000 6.59067e-38  
6.400000 9.700000 5.11985e-38  

6.500000 0.100000 0  
6.500000 0.400000 5.2401e-62  
6.500000 0.700000 1.095e-51  
6.500000 1.000000 8.65268e-43  
6.500000 1.300000 2.98672e-39  
6.500000 1.600000 1.16451e-37  
6.500000 1.900000 7.88221e-37  
6.500000 2.200000 2.47316e-36  
6.500000 2.500000 5.10532e-36  
6.500000 2.800000 7.88847e-36  
6.500000 3.100000 9.83012e-36  
6.500000 3.400000 1.04547e-35  
6.500000 3.700000 9.91011e-36  
6.500000 4.000000 8.64473e-36  
6.500000 4.300000 7.1026e-36  
6.500000 4.600000 5.58922e-36  
6.500000 4.900000 4.26524e-36  
6.500000 5.200000 3.18635e-36  
6.500000 5.500000 2.34788e-36  
6.500000 5.800000 1.71674e-36  
6.500000 6.100000 1.25153e-36  
6.500000 6.400000 9.12901e-37  
6.500000 6.700000 6.67945e-37  
6.500000 7.000000 4.90978e-37  
6.500000 7.300000 3.62853e-37  
6.500000 7.600000 2.6971e-37  
6.500000 7.900000 2.01633e-37  
6.500000 8.200000 1.51588e-37  
6.500000 8.500000 1.1459e-37  
6.500000 8.800000 8.70866e-38  
6.500000 9.100000 6.65367e-38  
6.500000 9.400000 5.11099e-38  
6.500000 9.700000 3.94757e-38  

6.600000 0.100000 0  
6.600000 0.400000 7.01805e-62  
6.600000 0.700000 1.41627e-51  
6.600000 1.000000 1.0361e-42  
6.600000 1.300000 3.12683e-39  
6.600000 1.600000 1.13722e-37  
6.600000 1.900000 7.38335e-37  
6.600000 2.200000 2.24764e-36  
6.600000 2.500000 4.52124e-36  
6.600000 2.800000 6.82998e-36  
6.600000 3.100000 8.35094e-36  
6.600000 3.400000 8.74418e-36  
6.600000 3.700000 8.18171e-36  
6.600000 4.000000 7.05693e-36  
6.600000 4.300000 5.73904e-36  
6.600000 4.600000 4.47509e-36  
6.600000 4.900000 3.38864e-36  
6.600000 5.200000 2.51709e-36  
6.600000 5.500000 1.84858e-36  
6.600000 5.800000 1.35016e-36  
6.600000 6.100000 9.84831e-37  
6.600000 6.400000 7.19301e-37  
6.600000 6.700000 5.26896e-37  
6.600000 7.000000 3.87375e-37  
6.600000 7.300000 2.85944e-37  
6.600000 7.600000 2.11946e-37  
6.600000 7.900000 1.57769e-37  
6.600000 8.200000 1.17958e-37  
6.600000 8.500000 8.86048e-38  
6.600000 8.800000 6.68911e-38  
6.600000 9.100000 5.07716e-38  
6.600000 9.400000 3.8762e-38  
6.600000 9.700000 2.97798e-38  

6.700000 0.100000 0  
6.700000 0.400000 9.28894e-62  
6.700000 0.700000 1.81666e-51  
6.700000 1.000000 1.22058e-42  
6.700000 1.300000 3.23256e-39  
6.700000 1.600000 1.0988e-37  
6.700000 1.900000 6.85007e-37  
6.700000 2.200000 2.02445e-36  
6.700000 2.500000 3.9706e-36  
6.700000 2.800000 5.86899e-36  
6.700000 3.100000 7.04642e-36  
6.700000 3.400000 7.26578e-36  
6.700000 3.700000 6.7077e-36  
6.700000 4.000000 5.71651e-36  
6.700000 4.300000 4.60067e-36  
6.700000 4.600000 3.55788e-36  
6.700000 4.900000 2.67943e-36  
6.700000 5.200000 1.98498e-36  
6.700000 5.500000 1.45708e-36  
6.700000 5.800000 1.0649e-36  
6.700000 6.100000 7.77165e-37  
6.700000 6.400000 5.67328e-37  
6.700000 6.700000 4.14646e-37  
6.700000 7.000000 3.03613e-37  
6.700000 7.300000 2.22831e-37  
6.700000 7.600000 1.64026e-37  
6.700000 7.900000 1.21177e-37  
6.700000 8.200000 8.9913e-38  
6.700000 8.500000 6.70607e-38  
6.700000 8.800000 5.03197e-38  
6.700000 9.100000 3.80149e-38  
6.700000 9.400000 2.89362e-38  
6.700000 9.700000 2.22041e-38  

6.800000 0.100000 0  
6.800000 0.400000 1.21518e-61  
6.800000 0.700000 2.31259e-51  
6.800000 1.000000 1.41598e-42  
6.800000 1.300000 3.30264e-39  
6.800000 1.600000 1.05116e-37  
6.800000 1.900000 6.29874e-37  
6.800000 2.200000 1.80839e-36  
6.800000 2.500000 3.46093e-36  
6.800000 2.800000 5.00909e-36  
6.800000 3.100000 5.90645e-36  
6.800000 3.400000 5.9945e-36  
6.800000 3.700000 5.457e-36  
6.800000 4.000000 4.59596e-36  
6.800000 4.300000 3.6666e-36  
6.800000 4.600000 2.82046e-36  
6.800000 4.900000 2.11919e-36  
6.800000 5.200000 1.56921e-36  
6.800000 5.500000 1.15172e-36  
6.800000 5.800000 8.40759e-37  
6.800000 6.100000 6.11749e-37  
6.800000 6.400000 4.44293e-37  
6.800000 6.700000 3.22472e-37  
6.800000 7.000000 2.34192e-37  
6.800000 7.300000 1.70392e-37  
6.800000 7.600000 1.24372e-37  
6.800000 7.900000 9.11999e-38  
6.800000 8.200000 6.72742e-38  
6.800000 8.500000 4.99827e-38  
6.800000 8.800000 3.7443e-38  
6.800000 9.100000 2.83043e-38  
6.800000 9.400000 2.16056e-38  
6.800000 9.700000 1.66582e-38  

6.900000 0.100000 0  
6.900000 0.400000 1.57157e-61  
6.900000 0.700000 2.92392e-51  
6.900000 1.000000 1.61906e-42  
6.900000 1.300000 3.33712e-39  
6.900000 1.600000 9.96246e-38  
6.900000 1.900000 5.74376e-37  
6.900000 2.200000 1.60335e-36  
6.900000 2.500000 2.99617e-36  
6.900000 2.800000 4.24662e-36  
6.900000 3.100000 4.91531e-36  
6.900000 3.400000 4.90792e-36  
6.900000 3.700000 4.40867e-36  
6.900000 4.000000 3.67807e-36  
6.900000 4.300000 2.9183e-36  
6.900000 4.600000 2.23934e-36  
6.900000 4.900000 1.68065e-36  
6.900000 5.200000 1.24242e-36  
6.900000 5.500000 9.08705e-37  
6.900000 5.800000 6.59489e-37  
6.900000 6.100000 4.76044e-37  
6.900000 6.400000 3.42501e-37  
6.900000 6.700000 2.46149e-37  
6.900000 7.000000 1.77103e-37  
6.900000 7.300000 1.27838e-37  
6.900000 7.600000 9.27763e-38  
6.900000 7.900000 6.78168e-38  
6.900000 8.200000 5.00068e-38  
6.900000 8.500000 3.72419e-38  
6.900000 8.800000 2.80345e-38  
6.900000 9.100000 2.13399e-38  
6.900000 9.400000 1.64276e-38  
6.900000 9.700000 1.27858e-38  

7.000000 0.100000 0  
7.000000 0.400000 2.00981e-61  
7.000000 0.700000 3.6748e-51  
7.000000 1.000000 1.82617e-42  
7.000000 1.300000 3.33707e-39  
7.000000 1.600000 9.36016e-38  
7.000000 1.900000 5.19829e-37  
7.000000 2.200000 1.41186e-36  
7.000000 2.500000 2.57638e-36  
7.000000 2.800000 3.57434e-36  
7.000000 3.100000 4.0599e-36  
7.000000 3.400000 3.99263e-36  
7.000000 3.700000 3.54876e-36  
7.000000 4.000000 2.94282e-36  
7.000000 4.300000 2.32765e-36  
7.000000 4.600000 1.78184e-36  
7.000000 4.900000 1.33226e-36  
7.000000 5.200000 9.78797e-37  
7.000000 5.500000 7.09701e-37  
7.000000 5.800000 5.09674e-37  
7.000000 6.100000 3.6383e-37  
7.000000 6.400000 2.59035e-37  
7.000000 6.700000 1.84556e-37  
7.000000 7.000000 1.31986e-37  
7.000000 7.300000 9.50051e-38  
7.000000 7.600000 6.89862e-38  
7.000000 7.900000 5.06168e-38  
7.000000 8.200000 3.75688e-38  
7.000000 8.500000 2.82232e-38  
7.000000 8.800000 2.14596e-38  
7.000000 9.100000 1.65097e-38  
7.000000 9.400000 1.28436e-38  
7.000000 9.700000 1.00954e-38  

7.100000 0.100000 0  
7.100000 0.400000 2.54234e-61  
7.100000 0.700000 4.59474e-51  
7.100000 1.000000 2.03347e-42  
7.100000 1.300000 3.3046e-39  
7.100000 1.600000 8.72386e-38  
7.100000 1.900000 4.67225e-37  
7.100000 2.200000 1.23488e-36  
7.100000 2.500000 2.1996e-36  
7.100000 2.800000 2.98642e-36  
7.100000 3.100000 3.3333e-36  
7.100000 3.400000 3.23846e-36  
7.100000 3.700000 2.85779e-36  
7.100000 4.000000 2.35962e-36  
7.100000 4.300000 1.85858e-36  
7.100000 4.600000 1.41397e-36  
7.100000 4.900000 1.04776e-36  
7.100000 5.200000 7.61126e-37  
7.100000 5.500000 5.4501e-37  
7.100000 5.800000 3.86733e-37  
7.100000 6.100000 2.73297e-37  
7.100000 6.400000 1.93231e-37  
7.100000 6.700000 1.37233e-37  
7.100000 7.000000 9.82277e-38  
7.100000 7.300000 7.10338e-38  
7.100000 7.600000 5.19818e-38  
7.100000 7.900000 3.85237e-38  
7.100000 8.200000 2.89144e-38  
7.100000 8.500000 2.19702e-38  
7.100000 8.800000 1.68867e-38  
7.100000 9.100000 1.31163e-38  
7.100000 9.400000 1.0285e-38  
7.100000 9.700000 8.13347e-39  

7.200000 0.100000 0  
7.200000 0.400000 3.18212e-61  
7.200000 0.700000 5.71973e-51  
7.200000 1.000000 2.23698e-42  
7.200000 1.300000 3.24261e-39  
7.200000 1.600000 8.0717e-38  
7.200000 1.900000 4.17147e-37  
7.200000 2.200000 1.07252e-36  
7.200000 2.500000 1.86443e-36  
7.200000 2.800000 2.48081e-36  
7.200000 3.100000 2.7295e-36  
7.200000 3.400000 2.6283e-36  
7.200000 3.700000 2.30557e-36  
7.200000 4.000000 1.89177e-36  
7.200000 4.300000 1.47706e-36  
7.200000 4.600000 1.11068e-36  
7.200000 4.900000 8.11834e-37  
7.200000 5.200000 5.81602e-37  
7.200000 5.500000 4.11431e-37  
7.200000 5.800000 2.89383e-37  
7.200000 6.100000 2.03593e-37  
7.200000 6.400000 1.43982e-37  
7.200000 6.700000 1.02743e-37  
7.200000 7.000000 7.41619e-38  
7.200000 7.300000 5.42153e-38  
7.200000 7.600000 4.01537e-38  
7.200000 7.900000 3.01144e-38  
7.200000 8.200000 2.285e-38  
7.200000 8.500000 1.75209e-38  
7.200000 8.800000 1.35604e-38  
7.200000 9.100000 1.05817e-38  
7.200000 9.400000 8.317e-39  
7.200000 9.700000 6.57883e-39  

7.300000 0.100000 0  
7.300000 0.400000 3.94243e-61  
7.300000 0.700000 7.09317e-51  
7.300000 1.000000 2.43279e-42  
7.300000 1.300000 3.15504e-39  
7.300000 1.600000 7.41737e-38  
7.300000 1.900000 3.69884e-37  
7.300000 2.200000 9.24908e-37  
7.300000 2.500000 1.57121e-36  
7.300000 2.800000 2.05535e-36  
7.300000 3.100000 2.23618e-36  
7.300000 3.400000 2.13608e-36  
7.300000 3.700000 1.85779e-36  
7.300000 4.000000 1.50712e-36  
7.300000 4.300000 1.16004e-36  
7.300000 4.600000 8.58681e-37  
7.300000 4.900000 6.1842e-37  
7.300000 5.200000 4.37885e-37  
7.300000 5.500000 3.07592e-37  
7.300000 5.800000 2.16011e-37  
7.300000 6.100000 1.52547e-37  
7.300000 6.400000 1.08781e-37  
7.300000 6.700000 7.85064e-38  
7.300000 7.000000 5.73855e-38  
7.300000 7.300000 4.24756e-38  
7.300000 7.600000 3.1806e-38  
7.300000 7.900000 2.40626e-38  
7.300000 8.200000 1.83689e-38  
7.300000 8.500000 1.41319e-38  
7.300000 8.800000 1.09449e-38  
7.300000 9.100000 8.52636e-39  
7.300000 9.400000 6.67654e-39  
7.300000 9.700000 5.2524e-39  

7.400000 0.100000 0  
7.400000 0.400000 4.83648e-61  
7.400000 0.700000 8.7672e-51  
7.400000 1.000000 2.61728e-42  
7.400000 1.300000 3.04615e-39  
7.400000 1.600000 6.76963e-38  
7.400000 1.900000 3.25672e-37  
7.400000 2.200000 7.92906e-37  
7.400000 2.500000 1.32026e-36  
7.400000 2.800000 1.70314e-36  
7.400000 3.100000 1.83377e-36  
7.400000 3.400000 1.73249e-36  
7.400000 3.700000 1.48593e-36  
7.400000 4.000000 1.18534e-36  
7.400000 4.300000 8.96537e-37  
7.400000 4.600000 6.5346e-37  
7.400000 4.900000 4.65481e-37  
7.400000 5.200000 3.27941e-37  
7.400000 5.500000 2.30689e-37  
7.400000 5.800000 1.63155e-37  
7.400000 6.100000 1.16502e-37  
7.400000 6.400000 8.41631e-38  
7.400000 6.700000 6.15306e-38  
7.400000 7.000000 4.5489e-38  
7.400000 7.300000 3.39623e-38  
7.400000 7.600000 2.55722e-38  
7.400000 7.900000 1.93912e-38  
7.400000 8.200000 1.47923e-38  
7.400000 8.500000 1.1342e-38  
7.400000 8.800000 8.73519e-39  
7.400000 9.100000 6.75476e-39  
7.400000 9.400000 5.24281e-39  
7.400000 9.700000 4.08428e-39  

7.500000 0.100000 0  
7.500000 0.400000 5.87733e-61  
7.500000 0.700000 1.08035e-50  
7.500000 1.000000 2.78743e-42  
7.500000 1.300000 2.91953e-39  
7.500000 1.600000 6.13493e-38  
7.500000 1.900000 2.84941e-37  
7.500000 2.200000 6.77407e-37  
7.500000 2.500000 1.10904e-36  
7.500000 2.800000 1.41203e-36  
7.500000 3.100000 1.49998e-36  
7.500000 3.400000 1.39396e-36  
7.500000 3.700000 1.1728e-36  
7.500000 4.000000 9.17707e-37  
7.500000 4.300000 6.83049e-37  
7.500000 4.600000 4.92786e-37  
7.500000 4.900000 3.4998e-37  
7.500000 5.200000 2.47594e-37  
7.500000 5.500000 1.75863e-37  
7.500000 5.800000 1.25987e-37  
7.500000 6.100000 9.11868e-38  
7.500000 6.400000 6.66716e-38  
7.500000 6.700000 4.91888e-38  
7.500000 7.000000 3.65652e-38  
7.500000 7.300000 2.73486e-38  
7.500000 7.600000 2.05567e-38  
7.500000 7.900000 1.5515e-38  
7.500000 8.200000 1.17511e-38  
7.500000 8.500000 8.92808e-39  
7.500000 8.800000 6.8042e-39  
7.500000 9.100000 5.20125e-39  
7.500000 9.400000 3.98869e-39  
7.500000 9.700000 3.0694e-39  

7.600000 0.100000 0  
7.600000 0.400000 7.07748e-61  
7.600000 0.700000 1.32742e-50  
7.600000 1.000000 2.94095e-42  
7.600000 1.300000 2.77781e-39  
7.600000 1.600000 5.52136e-38  
7.600000 1.900000 2.48237e-37  
7.600000 2.200000 5.78192e-37  
7.600000 2.500000 9.31763e-37  
7.600000 2.800000 1.16759e-36  
7.600000 3.100000 1.21703e-36  
7.600000 3.400000 1.10679e-36  
7.600000 3.700000 9.11698e-37  
7.600000 4.000000 7.01471e-37  
7.600000 4.300000 5.17042e-37  
7.600000 4.600000 3.72535e-37  
7.600000 4.900000 2.66254e-37  
7.600000 5.200000 1.90554e-37  
7.600000 5.500000 1.37229e-37  
7.600000 5.800000 9.95974e-38  
7.600000 6.100000 7.28231e-38  
7.600000 6.400000 5.3576e-38  
7.600000 6.700000 3.96025e-38  
7.600000 7.000000 2.93761e-38  
7.600000 7.300000 2.18491e-38  
7.600000 7.600000 1.62856e-38  
7.600000 7.900000 1.21621e-38  
7.600000 8.200000 9.10109e-39  
7.600000 8.500000 6.82498e-39  
7.600000 8.800000 5.13153e-39  
7.600000 9.100000 3.87022e-39  
7.600000 9.400000 2.92962e-39  
7.600000 9.700000 2.22722e-39  

7.700000 0.100000 0  
7.700000 0.400000 8.44858e-61  
7.700000 0.700000 1.62627e-50  
7.700000 1.000000 3.07568e-42  
7.700000 1.300000 2.62318e-39  
7.700000 1.600000 4.94081e-38  
7.700000 1.900000 2.15867e-37  
7.700000 2.200000 4.93464e-37  
7.700000 2.500000 7.80928e-37  
7.700000 2.800000 9.58022e-37  
7.700000 3.100000 9.74819e-37  
7.700000 3.400000 8.66099e-37  
7.700000 3.700000 7.00589e-37  
7.700000 4.000000 5.33808e-37  
7.700000 4.300000 3.93404e-37  
7.700000 4.600000 2.85694e-37  
7.700000 4.900000 2.0682e-37  
7.700000 5.200000 1.50087e-37  
7.700000 5.500000 1.09367e-37  
7.700000 5.800000 7.99931e-38  
7.700000 6.100000 5.86591e-38  
7.700000 6.400000 4.30782e-38  
7.700000 6.700000 3.1655e-38  
7.700000 7.000000 2.32659e-38  
7.700000 7.300000 1.71036e-38  
7.700000 7.600000 1.25777e-38  
7.700000 7.900000 9.25785e-39  
7.700000 8.200000 6.82532e-39  
7.700000 8.500000 5.04423e-39  
7.700000 8.800000 3.74058e-39  
7.700000 9.100000 2.78568e-39  
7.700000 9.400000 2.08571e-39  
7.700000 9.700000 1.57129e-39  

7.800000 0.100000 0  
7.800000 0.400000 1.00014e-60  
7.800000 0.700000 1.98644e-50  
7.800000 1.000000 3.18915e-42  
7.800000 1.300000 2.45912e-39  
7.800000 1.600000 4.40574e-38  
7.800000 1.900000 1.87649e-37  
7.800000 2.200000 4.20331e-37  
7.800000 2.500000 6.49945e-37  
7.800000 2.800000 7.76515e-37  
7.800000 3.100000 7.69982e-37  
7.800000 3.400000 6.70482e-37  
7.800000 3.700000 5.36706e-37  
7.800000 4.000000 4.09042e-37  
7.800000 4.300000 3.04117e-37  
7.800000 4.600000 2.23829e-37  
7.800000 4.900000 1.64223e-37  
7.800000 5.200000 1.20379e-37  
7.800000 5.500000 8.81606e-38  
7.800000 5.800000 6.44555e-38  
7.800000 6.100000 4.70132e-38  
7.800000 6.400000 3.42021e-38  
7.800000 6.700000 2.48226e-38  
7.800000 7.000000 1.79794e-38  
7.800000 7.300000 1.30093e-38  
7.800000 7.600000 9.41293e-39  
7.800000 7.900000 6.8196e-39  
7.800000 8.200000 4.95398e-39  
7.800000 8.500000 3.61321e-39  
7.800000 8.800000 2.6498e-39  
7.800000 9.100000 1.95644e-39  
7.800000 9.400000 1.45609e-39  
7.800000 9.700000 1.09346e-39  

7.900000 0.100000 0  
7.900000 0.400000 1.17454e-60  
7.900000 0.700000 2.41863e-50  
7.900000 1.000000 3.27825e-42  
7.900000 1.300000 2.29114e-39  
7.900000 1.600000 3.92302e-38  
7.900000 1.900000 1.62927e-37  
7.900000 2.200000 3.55949e-37  
7.900000 2.500000 5.34856e-37  
7.900000 2.800000 6.21006e-37  
7.900000 3.100000 6.0191e-37  
7.900000 3.400000 5.17786e-37  
7.900000 3.700000 4.14369e-37  
7.900000 4.000000 3.18676e-37  
7.900000 4.300000 2.40138e-37  
7.900000 4.600000 1.78975e-37  
7.900000 4.900000 1.32388e-37  
7.900000 5.200000 9.72658e-38  
7.900000 5.500000 7.09744e-38  
7.900000 5.800000 5.14407e-38  
7.900000 6.100000 3.70523e-38  
7.900000 6.400000 2.65444e-38  
7.900000 6.700000 1.89381e-38  
7.900000 7.000000 1.3478e-38  
7.900000 7.300000 9.58571e-39  
7.900000 7.600000 6.8257e-39  
7.900000 7.900000 4.87625e-39  
7.900000 8.200000 3.50174e-39  
7.900000 8.500000 2.5325e-39  
7.900000 8.800000 1.84758e-39  
7.900000 9.100000 1.36151e-39  
7.900000 9.400000 1.01446e-39  
7.900000 9.700000 7.64722e-40  

8.000000 0.100000 0  
8.000000 0.400000 1.36887e-60  
8.000000 0.700000 2.93446e-50  
8.000000 1.000000 3.3408e-42  
8.000000 1.300000 2.12569e-39  
8.000000 1.600000 3.49097e-38  
8.000000 1.900000 1.40873e-37  
8.000000 2.200000 2.98441e-37  
8.000000 2.500000 4.34532e-37  
8.000000 2.800000 4.91484e-37  
8.000000 3.100000 4.69275e-37  
8.000000 3.400000 4.02955e-37  
8.000000 3.700000 3.25248e-37  
8.000000 4.000000 2.53432e-37  
8.000000 4.300000 1.93199e-37  
8.000000 4.600000 1.44901e-37  
8.000000 4.900000 1.07147e-37  
8.000000 5.200000 7.81989e-38  
8.000000 5.500000 5.63954e-38  
8.000000 5.800000 4.02454e-38  
8.000000 6.100000 2.84731e-38  
8.000000 6.400000 2.00143e-38  
8.000000 6.700000 1.40141e-38  
8.000000 7.000000 9.79962e-39  
8.000000 7.300000 6.86314e-39  
8.000000 7.600000 4.82706e-39  
8.000000 7.900000 3.41807e-39  
8.000000 8.200000 2.44238e-39  
8.000000 8.500000 1.76441e-39  
8.000000 8.800000 1.29032e-39  
8.000000 9.100000 9.55993e-40  
8.000000 9.400000 7.17737e-40  
8.000000 9.700000 5.45896e-40  

